800 4.01743e-10 7.80324e-10 2.84244e-09 6.84689e-09 1.61407e-08 1.1616e-07
850 4.01735e-10 7.80432e-10 2.84213e-09 6.84694e-09 1.61342e-08 1.14984e-07
900 4.01691e-10 7.80253e-10 2.84175e-09 6.84564e-09 1.61253e-08 1.12577e-07
950 4.01818e-10 7.80347e-10 2.84151e-09 6.84613e-09 1.61201e-08 1.11141e-07
973 4.01865e-10 7.80493e-10 2.84184e-09 6.84556e-09 1.61168e-08 1.1004e-07
1000 4.01758e-10 7.80378e-10 2.84175e-09 6.84552e-09 1.61113e-08 1.08917e-07
1050 4.0175e-10 7.80316e-10 2.84134e-09 6.84461e-09 1.61064e-08 1.07147e-07
1100 4.01683e-10 7.80365e-10 2.84122e-09 6.84424e-09 1.61011e-08 1.06119e-07
1150 4.01749e-10 7.80389e-10 2.84099e-09 6.84452e-09 1.60938e-08 1.04551e-07
1200 4.01752e-10 7.80321e-10 2.84081e-09 6.84311e-09 1.60893e-08 1.02867e-07
1250 4.01639e-10 7.80332e-10 2.84119e-09 6.84269e-09 1.60828e-08 1.01186e-07
1300 4.01759e-10 7.80441e-10 2.84061e-09 6.84314e-09 1.60784e-08 9.95911e-08
1350 4.01664e-10 7.80342e-10 2.84076e-09 6.84169e-09 1.60741e-08 9.79635e-08
1400 4.01782e-10 7.80317e-10 2.83998e-09 6.84238e-09 1.60652e-08 9.70774e-08
