800 0.0022267 0.00156435 0.00175996 0.00270317 0.0055506 0.0140525
850 0.00220512 0.00154852 0.00174204 0.00267486 0.00549563 0.0138917
900 0.00218105 0.00153245 0.00172385 0.00264665 0.00543769 0.0137004
950 0.00215877 0.00151579 0.00170544 0.0026196 0.00537904 0.0135655
973 0.00214877 0.00150836 0.00169715 0.00260724 0.00535324 0.0134429
1000 0.00213618 0.00150046 0.00168756 0.00259216 0.00532695 0.0133623
1050 0.00211248 0.00148405 0.00166921 0.00256376 0.00526712 0.0131964
1100 0.00208966 0.0014675 0.00165096 0.00253627 0.00521036 0.0130187
1150 0.00206774 0.00145185 0.00163279 0.00250918 0.00515075 0.0128774
1200 0.00204433 0.00143557 0.00161474 0.00248165 0.00509337 0.0127079
1250 0.00202044 0.00141929 0.00159635 0.00245416 0.00503663 0.0125594
1300 0.00199743 0.00140263 0.00157824 0.00242625 0.00498261 0.0123992
1350 0.00197502 0.0013867 0.00156014 0.00239871 0.00492377 0.0122224
1400 0.00195172 0.00137109 0.00154183 0.0023708 0.00487081 0.0120648
