800 1.46399e+19 9.20091e+19 3.76466e+20 3.73455e+20 3.97656e+20 2.81425e+20
850 1.51308e+19 9.5059e+19 3.88771e+20 3.85367e+20 4.09097e+20 2.85516e+20
900 1.56353e+19 9.81991e+19 4.01236e+20 3.97195e+20 4.2032e+20 2.88117e+20
950 1.60446e+19 1.00964e+20 4.12541e+20 4.08255e+20 4.31284e+20 2.91707e+20
973 1.62996e+19 1.02417e+20 4.18516e+20 4.14143e+20 4.36952e+20 2.93184e+20
1000 1.6607e+19 1.04179e+20 4.26011e+20 4.21195e+20 4.43113e+20 2.94942e+20
1050 1.71111e+19 1.07816e+20 4.40203e+20 4.34485e+20 4.56151e+20 2.99422e+20
1100 1.7662e+19 1.11074e+20 4.53572e+20 4.47339e+20 4.68891e+20 3.03917e+20
1150 1.82603e+19 1.1446e+20 4.67433e+20 4.60959e+20 4.82395e+20 3.08767e+20
1200 1.88064e+19 1.1834e+20 4.82671e+20 4.75288e+20 4.95584e+20 3.12755e+20
1250 1.94536e+19 1.22358e+20 4.99116e+20 4.90919e+20 5.1055e+20 3.18222e+20
1300 2.00054e+19 1.25943e+20 5.13942e+20 5.05491e+20 5.25278e+20 3.23092e+20
1350 2.07615e+19 1.3048e+20 5.31863e+20 5.22319e+20 5.41375e+20 3.29162e+20
1400 2.14291e+19 1.34942e+20 5.49788e+20 5.39306e+20 5.5817e+20 3.3505e+20
