800 4.03531e-10 7.99406e-10 2.4472e-09 7.13743e-09 1.64122e-08 4.92623e-08
850 4.0357e-10 7.99472e-10 2.4466e-09 7.13682e-09 1.64089e-08 4.91585e-08
900 4.03492e-10 7.99559e-10 2.4468e-09 7.13673e-09 1.64067e-08 4.88646e-08
950 4.03491e-10 7.99527e-10 2.44679e-09 7.13702e-09 1.64027e-08 4.87305e-08
973 4.03362e-10 7.99503e-10 2.44641e-09 7.13669e-09 1.6403e-08 4.86066e-08
1000 4.03484e-10 7.9948e-10 2.44645e-09 7.13612e-09 1.6402e-08 4.86095e-08
1050 4.03477e-10 7.99466e-10 2.4464e-09 7.1363e-09 1.63979e-08 4.84086e-08
1100 4.03432e-10 7.99535e-10 2.44624e-09 7.13681e-09 1.63953e-08 4.82965e-08
1150 4.0335e-10 7.99512e-10 2.44668e-09 7.13663e-09 1.63941e-08 4.81319e-08
1200 4.03501e-10 7.99516e-10 2.44642e-09 7.13631e-09 1.63909e-08 4.79627e-08
1250 4.03452e-10 7.99328e-10 2.44601e-09 7.13595e-09 1.63876e-08 4.78183e-08
1300 4.03402e-10 7.99536e-10 2.44574e-09 7.1358e-09 1.6386e-08 4.76829e-08
1350 4.03392e-10 7.99522e-10 2.44561e-09 7.13564e-09 1.63844e-08 4.75025e-08
1400 4.0345e-10 7.99585e-10 2.44533e-09 7.1354e-09 1.63838e-08 4.73643e-08
