800 0.0717789 0.0414233 0.01818 0.0215375 0.0214189 0.0286778
850 0.0708471 0.041123 0.0179416 0.0212752 0.0212415 0.0286159
900 0.0701685 0.0406641 0.0177808 0.0210743 0.0210699 0.0285403
950 0.0692516 0.0402663 0.0176256 0.0209026 0.0208702 0.0283033
973 0.0692401 0.0399584 0.0174991 0.0208206 0.0208077 0.0280954
1000 0.0688008 0.0398485 0.0174087 0.0207262 0.0207301 0.0280849
1050 0.0679774 0.0394231 0.0172081 0.0204959 0.0205024 0.0278424
1100 0.0671325 0.0390731 0.0170605 0.0202734 0.0202428 0.0276741
1150 0.0667159 0.0385033 0.0168372 0.0200707 0.020093 0.0276825
1200 0.0655255 0.0381424 0.0166254 0.0199028 0.0198993 0.0272965
1250 0.0649927 0.0377531 0.016468 0.0196976 0.0197017 0.0271633
1300 0.0642513 0.0372811 0.0162971 0.01942 0.0195282 0.026946
1350 0.0634101 0.0368726 0.0160995 0.0192064 0.019283 0.0267098
1400 0.0626093 0.0364388 0.0158881 0.0190366 0.019125 0.0265163
