800 0.13452 0.0635283 0.00743618 4.41033e-05 1.45948e-06 1.71466e-07 0.0 0.222148 0.0452219 6.23531e-05 4.54742e-06 2.25953e-07 0.0 0.0 0.350853 0.0181952 2.86097e-05 1.38084e-06 0.0 0.0 0.0 0.271743 0.0164589 0.0 0.0 0.0 0.0 0.0 0.283817 0.00993962 0.0 0.0 0.0 0.0 0.0 0.285836
850 0.132986 0.0630165 0.0073499 4.61762e-05 3.73017e-06 0.0 0.0 0.219828 0.0447824 6.51162e-05 5.54516e-06 1.97126e-07 0.0 0.0 0.34726 0.0180111 2.90783e-05 1.36517e-06 0.0 0.0 0.0 0.268934 0.0162871 0.0 0.0 0.0 0.0 0.0 0.28112 0.00981164 0.0 0.0 0.0 0.0 0.0 0.283207
900 0.131691 0.0623028 0.00724129 4.59622e-05 2.68534e-06 0.0 0.0 0.217539 0.0442903 6.49029e-05 4.86396e-06 2.34112e-07 0.0 0.0 0.343651 0.0178122 2.79088e-05 1.48987e-06 0.0 0.0 0.0 0.266444 0.0161042 0.0 0.0 0.0 0.0 0.0 0.278556 0.00967602 0.0 0.0 0.0 0.0 0.0 0.280542
950 0.130482 0.0615509 0.00713154 3.92859e-05 3.35238e-06 3.11316e-07 0.0 0.215239 0.0438393 6.42408e-05 4.73911e-06 1.41072e-07 0.0 0.0 0.340049 0.0176244 2.81848e-05 1.18931e-06 0.0 0.0 0.0 0.263661 0.0159298 0.0 0.0 0.0 0.0 0.0 0.275841 0.009553 0.0 0.0 0.0 0.0 0.0 0.27784
973 0.129739 0.0613037 0.00716174 4.68309e-05 2.12756e-06 2.83648e-07 0.0 0.214155 0.0436897 6.12995e-05 4.83769e-06 1.80197e-07 0.0 0.0 0.338408 0.017549 2.77146e-05 1.30096e-06 0.0 0.0 0.0 0.262373 0.015853 0.0 0.0 0.0 0.0 0.0 0.274581 0.00949208 0.0 0.0 0.0 0.0 0.0 0.276608
1000 0.129172 0.0608147 0.00708102 4.28351e-05 3.14308e-06 4.13985e-07 0.0 0.212967 0.0433876 6.28086e-05 4.82005e-06 2.89962e-07 0.0 0.0 0.336505 0.0174395 2.70956e-05 1.36245e-06 0.0 0.0 0.0 0.261162 0.0157469 0.0 0.0 0.0 0.0 0.0 0.273239 0.0094324 0.0 0.0 0.0 0.0 0.0 0.275205
1050 0.127559 0.060329 0.00702489 4.31867e-05 1.91323e-06 1.37689e-07 0.0 0.210649 0.0429203 6.45652e-05 4.35273e-06 1.295e-07 0.0 0.0 0.332858 0.0172451 2.68904e-05 1.33697e-06 0.0 0.0 0.0 0.258319 0.0155684 0.0 0.0 0.0 0.0 0.0 0.270453 0.00930311 0.0 0.0 0.0 0.0 0.0 0.272459
1100 0.12624 0.0595518 0.00698578 4.38831e-05 3.53555e-06 0.0 0.0 0.208354 0.0424738 6.07701e-05 4.15011e-06 2.11722e-07 0.0 0.0 0.329267 0.0170395 2.67063e-05 1.34921e-06 0.0 0.0 0.0 0.255513 0.0153952 0.0 0.0 0.0 0.0 0.0 0.267696 0.00917689 0.0 0.0 0.0 0.0 0.0 0.269735
1150 0.12494 0.0588202 0.00689559 3.95036e-05 2.84839e-06 1.21009e-07 0.0 0.206059 0.0420047 6.17715e-05 4.04483e-06 2.91059e-07 0.0 0.0 0.325649 0.0168549 2.70166e-05 1.31841e-06 0.0 0.0 0.0 0.25272 0.0152276 0.0 0.0 0.0 0.0 0.0 0.264918 0.00905503 0.0 0.0 0.0 0.0 0.0 0.267001
1200 0.123358 0.0583844 0.00679742 4.19426e-05 2.91494e-06 0.0 0.0 0.20379 0.0415076 6.20024e-05 4.74578e-06 1.80272e-07 0.0 0.0 0.322099 0.0166669 2.59048e-05 1.35622e-06 0.0 0.0 0.0 0.250307 0.0150398 0.0 0.0 0.0 0.0 0.0 0.262333 0.00893094 0.0 0.0 0.0 0.0 0.0 0.264264
1250 0.122153 0.0576513 0.00663651 3.74986e-05 3.4445e-06 0.0 0.0 0.201489 0.0410442 6.26452e-05 4.60299e-06 9.95175e-08 0.0 0.0 0.318494 0.0164754 2.62055e-05 1.2602e-06 0.0 0.0 0.0 0.247504 0.014864 0.0 0.0 0.0 0.0 0.0 0.259539 0.00881459 0.0 0.0 0.0 0.0 0.0 0.261532
1300 0.120694 0.0569904 0.00663678 4.22886e-05 2.54388e-06 1.16418e-07 0.0 0.199226 0.0405651 6.09186e-05 4.43623e-06 2.62774e-07 0.0 0.0 0.314899 0.0162834 2.56355e-05 1.32378e-06 0.0 0.0 0.0 0.244703 0.0146935 0.0 0.0 0.0 0.0 0.0 0.256728 0.00869213 0.0 0.0 0.0 0.0 0.0 0.258772
1350 0.119245 0.0563369 0.0065713 3.9445e-05 2.53999e-06 0.0 0.0 0.196946 0.0400899 5.85147e-05 4.22894e-06 1.83501e-07 0.0 0.0 0.311283 0.0160922 2.56788e-05 1.28088e-06 0.0 0.0 0.0 0.241901 0.0145048 0.0 0.0 0.0 0.0 0.0 0.253935 0.00856985 0.0 0.0 0.0 0.0 0.0 0.256021
1400 0.117793 0.0558068 0.00647631 3.94646e-05 2.24338e-06 0.0 0.0 0.194653 0.0396291 5.90855e-05 4.96762e-06 1.42481e-07 0.0 0.0 0.307671 0.0159011 2.54312e-05 1.21934e-06 0.0 0.0 0.0 0.239068 0.0143495 0.0 0.0 0.0 0.0 0.0 0.251097 0.00844651 0.0 0.0 0.0 0.0 0.0 0.253254
