800 2.30107 1.51996 0.961035 1.17599 1.12204 1.08207
850 2.323 1.53545 0.970981 1.18791 1.13258 1.09253
900 2.35288 1.55281 0.980922 1.19961 1.14388 1.1017
950 2.37322 1.56826 0.991108 1.21252 1.15489 1.11195
973 2.38966 1.57549 0.996629 1.21795 1.15954 1.11687
1000 2.39519 1.58452 1.0017 1.22353 1.16562 1.1221
1050 2.42533 1.60193 1.01231 1.23719 1.1789 1.13455
1100 2.45065 1.61899 1.02394 1.25151 1.19056 1.14388
1150 2.47814 1.63855 1.03468 1.26435 1.20275 1.15678
1200 2.50245 1.65624 1.04674 1.27701 1.21451 1.16809
1250 2.53659 1.6749 1.05802 1.29271 1.22799 1.17891
1300 2.56236 1.69495 1.0705 1.30652 1.24176 1.19203
1350 2.59702 1.71314 1.08265 1.32203 1.25503 1.20384
1400 2.62395 1.73468 1.09489 1.3375 1.26978 1.2172
