800 0.00222665 0.00156807 0.00176232 0.00268039 0.00542944 0.0132219
850 0.00220358 0.00155194 0.00174411 0.00265271 0.00537191 0.013068
900 0.00218063 0.00153576 0.00172592 0.00262503 0.0053157 0.0129158
950 0.0021577 0.00151959 0.00170773 0.00259741 0.0052584 0.0127604
973 0.00214725 0.00151218 0.00169934 0.00258469 0.00523217 0.0126868
1000 0.00213504 0.00150363 0.00168972 0.00257008 0.0052029 0.0126137
1050 0.00211174 0.00148727 0.00167132 0.00254213 0.00514529 0.0124539
1100 0.00208885 0.00147113 0.00165313 0.00251441 0.00508826 0.0122996
1150 0.00206584 0.00145498 0.00163494 0.00248683 0.00503116 0.0121525
1200 0.00204301 0.00143881 0.00161673 0.00245921 0.00497592 0.0120093
1250 0.00201994 0.00142268 0.00159854 0.00243152 0.00491876 0.0118551
1300 0.00199702 0.00140651 0.00158034 0.00240383 0.00486212 0.011704
1350 0.00197408 0.00139036 0.00156213 0.00237617 0.00480542 0.0115573
1400 0.00195112 0.00137418 0.00154394 0.00234854 0.00474846 0.0114109
