800 1.11749e+21 4.41677e+21 1.09293e+22 7.59472e+21 4.98363e+21 1.27897e+21
850 1.13288e+21 4.47571e+21 1.1072e+22 7.69005e+21 5.03826e+21 1.28304e+21
900 1.14831e+21 4.53809e+21 1.12246e+22 7.78809e+21 5.09156e+21 1.28643e+21
950 1.16402e+21 4.59962e+21 1.13708e+22 7.88593e+21 5.14917e+21 1.2918e+21
973 1.17146e+21 4.62745e+21 1.14384e+22 7.93076e+21 5.17532e+21 1.29436e+21
1000 1.18058e+21 4.66429e+21 1.15259e+22 7.98479e+21 5.20217e+21 1.29605e+21
1050 1.19719e+21 4.7276e+21 1.16808e+22 8.08676e+21 5.26179e+21 1.30198e+21
1100 1.21321e+21 4.79043e+21 1.18325e+22 8.18818e+21 5.32257e+21 1.30883e+21
1150 1.2295e+21 4.85619e+21 1.1988e+22 8.29052e+21 5.38344e+21 1.31584e+21
1200 1.24755e+21 4.92542e+21 1.21565e+22 8.39776e+21 5.43986e+21 1.32147e+21
1250 1.26468e+21 4.99427e+21 1.23241e+22 8.50746e+21 5.50275e+21 1.3286e+21
1300 1.28272e+21 5.06367e+21 1.24887e+22 8.61446e+21 5.56767e+21 1.33716e+21
1350 1.30093e+21 5.13334e+21 1.26548e+22 8.72185e+21 5.63276e+21 1.34595e+21
1400 1.31843e+21 5.20505e+21 1.28279e+22 8.83657e+21 5.69943e+21 1.35472e+21
