800 0.102972 0.0199705 0.0115371 0.0358738 0.0279476 0.0407789
850 0.102954 0.019984 0.0115282 0.0358518 0.0279482 0.0408964
900 0.103101 0.0199847 0.0115312 0.0358486 0.0279542 0.0409992
950 0.103226 0.0199797 0.0115352 0.035859 0.0279536 0.0410676
973 0.103166 0.0199639 0.0115259 0.0358628 0.0279505 0.0411164
1000 0.103116 0.0199859 0.0115366 0.0358272 0.0279781 0.0411818
1050 0.103163 0.0199761 0.0115265 0.0358517 0.0279762 0.0412851
1100 0.103222 0.019973 0.011535 0.0358748 0.0279862 0.041343
1150 0.103095 0.0199669 0.0115409 0.0358634 0.0279952 0.041446
1200 0.103267 0.0199736 0.0115341 0.0358653 0.0279941 0.0415417
1250 0.103049 0.0199558 0.0115406 0.0358716 0.028003 0.0415852
1300 0.103147 0.0199922 0.0115332 0.0358915 0.028013 0.0416997
1350 0.102916 0.0200003 0.011539 0.0358922 0.0279921 0.0417953
1400 0.103153 0.0199997 0.0115383 0.0358597 0.0280072 0.0418725
