800 0.000226441 0.000443448 0.000393326 0.000606512 0.000958553 0.000147574 0.00020834 4.31915e-05
850 0.000225367 0.00044956 0.000393999 0.00060563 0.000962552 0.000151358 0.000202914 4.38014e-05
900 0.000226007 0.000449733 0.000401603 0.000605137 0.000963004 0.00015106 0.000210218 4.25779e-05
950 0.000226131 0.00045523 0.000394701 0.000607427 0.00096229 0.00015152 0.000203916 4.55291e-05
973 0.000228346 0.0004438 0.000394351 0.000609646 0.000965367 0.000148593 0.00020507 4.56336e-05
1000 0.000227627 0.00044858 0.000394956 0.000609343 0.000960473 0.00014958 0.000206303 4.38045e-05
1050 0.000226017 0.000448344 0.000392541 0.000603951 0.000958778 0.000149603 0.000206115 4.54517e-05
1100 0.000222111 0.000449469 0.000390451 0.00060745 0.000962954 0.000147205 0.000207655 4.51575e-05
1150 0.000227652 0.000454305 0.000397234 0.000601112 0.000962739 0.000149426 0.000206856 4.5258e-05
1200 0.000225392 0.000445525 0.000392175 0.000609952 0.000971511 0.000151083 0.000208974 4.23819e-05
1250 0.000223606 0.000454388 0.000392985 0.000615082 0.000962544 0.000146045 0.000204449 4.34811e-05
1300 0.000228559 0.000447019 0.000392934 0.000611962 0.000973288 0.000151161 0.000208968 4.27271e-05
1350 0.000228399 0.000444963 0.000390008 0.000614606 0.000971477 0.000151697 0.000206121 4.45784e-05
1400 0.000226328 0.000455446 0.000392055 0.000608382 0.000959613 0.000150266 0.000205109 4.54513e-05
