800 0.136098 0.0605061 0.00700488 3.92118e-05 5.3729e-06 4.65953e-07 0.0 0.222779 0.0391615 6.44679e-05 3.15223e-06 1.02827e-07 0.0 0.0 0.357119 0.0144153 2.80616e-05 1.42737e-06 0.0 0.0 0.0 0.272179 0.0143007 0.0 0.0 0.0 0.0 0.0 0.284812 0.00804411 0.0 0.0 0.0 0.0 0.0 0.289049
850 0.134341 0.0601729 0.00689037 3.55672e-05 3.01091e-06 0.0 0.0 0.220452 0.0387665 6.65997e-05 4.5069e-06 2.43962e-07 0.0 0.0 0.353365 0.014304 3.06445e-05 1.29571e-06 0.0 0.0 0.0 0.269351 0.0141918 0.0 0.0 0.0 0.0 0.0 0.282072 0.00799763 0.0 0.0 0.0 0.0 0.0 0.286313
900 0.133285 0.0592013 0.0068044 5.39532e-05 1.80506e-06 0.0 0.0 0.218162 0.0383742 6.24902e-05 5.16928e-06 3.30882e-07 0.0 0.0 0.349813 0.0141363 2.8488e-05 1.52694e-06 0.0 0.0 0.0 0.266805 0.0140084 0.0 0.0 0.0 0.0 0.0 0.279454 0.00787633 0.0 0.0 0.0 0.0 0.0 0.283635
950 0.131577 0.0589641 0.00676093 4.28407e-05 4.36628e-06 0.0 0.0 0.215947 0.0379308 6.16048e-05 3.96427e-06 0.0 0.0 0.0 0.346235 0.0139951 2.98831e-05 1.70267e-06 0.0 0.0 0.0 0.264015 0.0138698 0.0 0.0 0.0 0.0 0.0 0.27661 0.00779686 0.0 0.0 0.0 0.0 0.0 0.280815
973 0.131069 0.0584852 0.00668332 3.84213e-05 3.1735e-06 3.91038e-07 0.0 0.214952 0.037703 5.56763e-05 4.09505e-06 3.45728e-07 0.0 0.0 0.344553 0.0139003 2.66837e-05 1.96995e-06 0.0 0.0 0.0 0.262694 0.0138397 0.0 0.0 0.0 0.0 0.0 0.275318 0.00777932 0.0 0.0 0.0 0.0 0.0 0.279609
1000 0.130393 0.0581121 0.00664087 3.85487e-05 4.20769e-06 4.4185e-07 0.0 0.213765 0.0374551 6.10261e-05 4.30866e-06 1.9132e-07 0.0 0.0 0.342631 0.0138422 2.6516e-05 1.39293e-06 0.0 0.0 0.0 0.261412 0.0137751 0.0 0.0 0.0 0.0 0.0 0.273955 0.00770895 0.0 0.0 0.0 0.0 0.0 0.278014
1050 0.129104 0.0573534 0.00660778 4.34349e-05 2.10065e-06 0.0 0.0 0.211291 0.0371244 6.13666e-05 3.02876e-06 1.02469e-07 0.0 0.0 0.338992 0.013684 2.72021e-05 1.52227e-06 0.0 0.0 0.0 0.258557 0.0136134 0.0 0.0 0.0 0.0 0.0 0.271163 0.0076144 0.0 0.0 0.0 0.0 0.0 0.275293
1100 0.127688 0.0567192 0.00653719 4.14101e-05 2.03067e-06 0.0 0.0 0.209032 0.0367669 5.76231e-05 3.71199e-06 2.79613e-07 0.0 0.0 0.335324 0.0134975 2.68545e-05 1.59577e-06 0.0 0.0 0.0 0.255748 0.0134767 0.0 0.0 0.0 0.0 0.0 0.268276 0.00754601 0.0 0.0 0.0 0.0 0.0 0.27267
1150 0.126147 0.0561616 0.00642479 3.47098e-05 2.38915e-06 0.0 0.0 0.206788 0.0362435 5.82279e-05 5.0575e-06 1.10792e-07 0.0 0.0 0.331657 0.0133783 2.70281e-05 1.31974e-06 0.0 0.0 0.0 0.252895 0.0133489 0.0 0.0 0.0 0.0 0.0 0.265479 0.00744276 0.0 0.0 0.0 0.0 0.0 0.269987
1200 0.124643 0.0556662 0.00636094 4.46146e-05 1.68502e-06 0.0 0.0 0.204444 0.0359374 5.64648e-05 4.24475e-06 7.38124e-08 0.0 0.0 0.328045 0.0132428 2.74811e-05 1.37898e-06 0.0 0.0 0.0 0.250415 0.0131836 0.0 0.0 0.0 0.0 0.0 0.262901 0.00736894 0.0 0.0 0.0 0.0 0.0 0.26699
1250 0.123434 0.0547437 0.00639048 3.44079e-05 1.02822e-06 1.04903e-06 0.0 0.202107 0.0355133 5.86726e-05 5.40172e-06 1.06952e-07 0.0 0.0 0.324327 0.0130598 2.77452e-05 1.25783e-06 0.0 0.0 0.0 0.247511 0.0130969 0.0 0.0 0.0 0.0 0.0 0.259978 0.007257 0.0 0.0 0.0 0.0 0.0 0.264116
1300 0.122053 0.0543576 0.00619492 3.6853e-05 4.81518e-06 0.0 0.0 0.199921 0.035083 5.93639e-05 4.18444e-06 0.0 0.0 0.0 0.320709 0.012928 2.44146e-05 8.02023e-07 0.0 0.0 0.0 0.244764 0.0129411 0.0 0.0 0.0 0.0 0.0 0.257163 0.00721017 0.0 0.0 0.0 0.0 0.0 0.261289
1350 0.120677 0.0536951 0.00616437 3.73324e-05 2.91257e-06 0.0 0.0 0.197519 0.0347913 5.47826e-05 4.36097e-06 1.86024e-07 0.0 0.0 0.317065 0.0127698 2.66884e-05 1.0219e-06 0.0 0.0 0.0 0.241946 0.0127966 0.0 0.0 0.0 0.0 0.0 0.254282 0.00710776 0.0 0.0 0.0 0.0 0.0 0.258735
1400 0.119247 0.0530714 0.00600205 4.46887e-05 2.92186e-06 0.0 0.0 0.195214 0.0343418 5.3964e-05 3.92085e-06 1.59468e-07 0.0 0.0 0.313439 0.0126208 2.48019e-05 1.22298e-06 0.0 0.0 0.0 0.239082 0.0126483 0.0 0.0 0.0 0.0 0.0 0.251416 0.00702303 0.0 0.0 0.0 0.0 0.0 0.255938
