800 0.00608951 0.00400939 0.00439965 0.00673225 0.0138195 0.0348938
850 0.0060356 0.00396708 0.00435402 0.00666371 0.0136668 0.0346084
900 0.00597482 0.00392551 0.00430888 0.00659424 0.0135367 0.0340683
950 0.0059145 0.00388398 0.00426341 0.00652726 0.01339 0.0336859
973 0.00587643 0.00386487 0.00424199 0.00649467 0.0133222 0.0335348
1000 0.00585322 0.00384397 0.0042179 0.00645812 0.0132531 0.0333017
1050 0.00577961 0.0038019 0.00417193 0.00638881 0.0131074 0.0327546
1100 0.00571811 0.00376017 0.00412712 0.0063204 0.0129666 0.0324562
1150 0.00565636 0.00372057 0.00408166 0.00625218 0.0128288 0.0320698
1200 0.00559159 0.00367794 0.00403559 0.00618208 0.0126918 0.0317101
1250 0.00553132 0.00363632 0.00399025 0.00611432 0.0125398 0.0312797
1300 0.00546784 0.00359395 0.00394506 0.00604603 0.0124031 0.0308775
1350 0.00540594 0.00355311 0.00389959 0.00597643 0.0122589 0.0304243
1400 0.00534151 0.00351286 0.00385386 0.00590686 0.0121175 0.0300231
