800 2.42658 2.23994 2.17897 2.17118 2.17089 0.0
850 2.4268 2.23993 2.17897 2.17118 2.17089 0.0
900 2.42691 2.23994 2.17897 2.17118 2.17089 0.0
950 2.42668 2.23995 2.17897 2.17118 2.17089 0.0
973 2.42626 2.23993 2.17897 2.17118 2.17089 0.0
1000 2.42658 2.23994 2.17897 2.17118 2.17089 0.0
1050 2.42702 2.23995 2.17897 2.17118 2.17089 0.0
1100 2.42718 2.23995 2.17897 2.17118 2.17089 0.0
1150 2.42718 2.23994 2.17897 2.17118 2.17089 0.0
1200 2.427 2.23994 2.17897 2.17118 2.17089 0.0
1250 2.42751 2.23995 2.17897 2.17118 2.17089 0.0
1300 2.42725 2.23995 2.17897 2.17118 2.17089 0.0
1350 2.4277 2.23993 2.17897 2.17118 2.17089 0.0
1400 2.42688 2.23995 2.17898 2.17118 2.17089 0.0
