800 3.98786e-10 7.52946e-10 2.69532e-09 6.64677e-09 1.52731e-08 4.24925e-08
850 3.98789e-10 7.52918e-10 2.69511e-09 6.64676e-09 1.52682e-08 4.24287e-08
900 3.98786e-10 7.52916e-10 2.69494e-09 6.64626e-09 1.52629e-08 4.23387e-08
950 3.98777e-10 7.52928e-10 2.69479e-09 6.6461e-09 1.52587e-08 4.22669e-08
973 3.98782e-10 7.52911e-10 2.69465e-09 6.64612e-09 1.52567e-08 4.22187e-08
1000 3.98799e-10 7.529e-10 2.69451e-09 6.64559e-09 1.52541e-08 4.21943e-08
1050 3.98784e-10 7.52912e-10 2.69435e-09 6.64554e-09 1.52504e-08 4.21124e-08
1100 3.98779e-10 7.52895e-10 2.69417e-09 6.64528e-09 1.52472e-08 4.20382e-08
1150 3.98786e-10 7.52879e-10 2.69401e-09 6.64535e-09 1.52429e-08 4.19919e-08
1200 3.98788e-10 7.52867e-10 2.69376e-09 6.64479e-09 1.52395e-08 4.19262e-08
1250 3.98803e-10 7.52854e-10 2.6936e-09 6.64456e-09 1.5235e-08 4.18525e-08
1300 3.98774e-10 7.52845e-10 2.69337e-09 6.6444e-09 1.52324e-08 4.17916e-08
1350 3.98768e-10 7.5284e-10 2.69307e-09 6.64419e-09 1.52295e-08 4.17391e-08
1400 3.98773e-10 7.52842e-10 2.69288e-09 6.64416e-09 1.52258e-08 4.16879e-08
