800 0.329726 0.531366 0.137285 0.00153634 8.67278e-05 0.0
850 0.318964 0.537684 0.141362 0.00186727 0.000121658 0.0
900 0.322389 0.535595 0.139833 0.00205201 8.12128e-05 4.9636e-05
950 0.319778 0.536293 0.14207 0.00168015 0.000178958 0.0
973 0.320572 0.537286 0.140094 0.00194156 0.000106617 0.0
1000 0.32556 0.531749 0.140712 0.00171105 0.00026781 0.0
1050 0.320896 0.536515 0.140781 0.0016466 0.000162253 0.0
1100 0.325681 0.529555 0.142538 0.00199106 0.000233795 0.0
1150 0.325545 0.535607 0.13733 0.00144486 7.32829e-05 0.0
1200 0.319727 0.53525 0.142721 0.00212398 0.000178023 0.0
1250 0.322009 0.536329 0.140028 0.0013761 0.000158523 9.91376e-05
1300 0.31997 0.537986 0.139555 0.0023354 0.000153506 0.0
1350 0.324979 0.536562 0.136409 0.0019633 8.6392e-05 0.0
1400 0.322099 0.533399 0.142744 0.00131755 0.000417094 2.25479e-05
