800 0.135926 0.0606953 0.00699018 4.08118e-05 2.77637e-06 0.0 0.0 0.222901 0.0389921 5.73312e-05 4.66779e-06 1.14608e-07 0.0 0.0 0.357073 0.0144581 2.95894e-05 1.72737e-06 0.0 0.0 0.0 0.272186 0.0142934 0.0 0.0 0.0 0.0 0.0 0.284823 0.00803609 0.0 0.0 0.0 0.0 0.0 0.288775
850 0.134676 0.0598837 0.00693286 4.23426e-05 3.32416e-06 0.0 0.0 0.22052 0.0386688 6.4457e-05 4.57426e-06 0.0 0.0 0.0 0.353469 0.0142496 2.9127e-05 1.52273e-06 0.0 0.0 0.0 0.269418 0.0141188 0.0 0.0 0.0 0.0 0.0 0.282064 0.00794434 0.0 0.0 0.0 0.0 0.0 0.286253
900 0.133228 0.0593593 0.00677229 3.79504e-05 1.38575e-06 0.0 0.0 0.218282 0.0382877 5.91987e-05 4.06866e-06 1.0467e-07 0.0 0.0 0.349846 0.0141126 2.81849e-05 1.44789e-06 0.0 0.0 0.0 0.266855 0.0139806 0.0 0.0 0.0 0.0 0.0 0.279372 0.0078809 0.0 0.0 0.0 0.0 0.0 0.283465
950 0.13196 0.0585093 0.00678125 4.11824e-05 4.08483e-06 0.0 0.0 0.21599 0.0379084 6.2663e-05 4.96236e-06 2.35347e-07 0.0 0.0 0.346153 0.0140178 2.9475e-05 1.56118e-06 0.0 0.0 0.0 0.264016 0.0138741 0.0 0.0 0.0 0.0 0.0 0.27664 0.00779299 0.0 0.0 0.0 0.0 0.0 0.280867
973 0.131035 0.0584793 0.00679344 4.11969e-05 1.99036e-06 8.992e-07 0.0 0.214986 0.0376161 5.90395e-05 4.8999e-06 2.24761e-07 0.0 0.0 0.344544 0.0138969 2.7959e-05 8.98398e-07 0.0 0.0 0.0 0.262681 0.0137994 0.0 0.0 0.0 0.0 0.0 0.275334 0.00776239 0.0 0.0 0.0 0.0 0.0 0.279574
1000 0.130293 0.0581588 0.00676418 4.48231e-05 2.30434e-06 0.0 0.0 0.21365 0.0375094 6.13602e-05 3.36117e-06 3.39452e-07 0.0 0.0 0.342651 0.0138092 2.89102e-05 1.40502e-06 0.0 0.0 0.0 0.261383 0.013724 0.0 0.0 0.0 0.0 0.0 0.273965 0.007702 0.0 0.0 0.0 0.0 0.0 0.278181
1050 0.12903 0.0574611 0.00659443 3.86985e-05 4.83211e-06 0.0 0.0 0.211329 0.0370962 5.87097e-05 4.5524e-06 2.28121e-07 0.0 0.0 0.338947 0.013649 2.68343e-05 1.56493e-06 0.0 0.0 0.0 0.25857 0.0136163 0.0 0.0 0.0 0.0 0.0 0.271119 0.00760767 0.0 0.0 0.0 0.0 0.0 0.275375
1100 0.127688 0.056749 0.00656572 4.4894e-05 2.73803e-06 0.0 0.0 0.208991 0.0367861 5.7526e-05 3.49248e-06 1.12287e-07 0.0 0.0 0.335239 0.0135286 2.77661e-05 1.24847e-06 0.0 0.0 0.0 0.255747 0.0134664 0.0 0.0 0.0 0.0 0.0 0.268365 0.00750643 0.0 0.0 0.0 0.0 0.0 0.27261
1150 0.125969 0.056528 0.00645304 3.55507e-05 7.81642e-07 0.0 0.0 0.206764 0.0362346 6.03263e-05 3.68377e-06 0.0 0.0 0.0 0.33152 0.0133666 2.65905e-05 1.22489e-06 0.0 0.0 0.0 0.252914 0.0133534 0.0 0.0 0.0 0.0 0.0 0.265518 0.0074261 0.0 0.0 0.0 0.0 0.0 0.269736
1200 0.124982 0.0553962 0.00635318 4.97718e-05 3.02638e-06 0.0 0.0 0.20443 0.0358985 5.69026e-05 4.86388e-06 2.78654e-07 0.0 0.0 0.328065 0.0131958 2.63033e-05 1.68399e-06 0.0 0.0 0.0 0.250373 0.0131837 0.0 0.0 0.0 0.0 0.0 0.262883 0.00737287 0.0 0.0 0.0 0.0 0.0 0.267132
1250 0.123404 0.0549687 0.00626798 4.24986e-05 1.99462e-06 0.0 0.0 0.202125 0.0355233 5.95143e-05 4.4326e-06 2.70765e-07 0.0 0.0 0.324355 0.0130601 2.78486e-05 1.53528e-06 0.0 0.0 0.0 0.247546 0.0130596 0.0 0.0 0.0 0.0 0.0 0.260037 0.00724701 0.0 0.0 0.0 0.0 0.0 0.264275
1300 0.122005 0.0543117 0.00631066 3.8148e-05 1.5189e-06 0.0 0.0 0.199919 0.0351153 5.4212e-05 5.48465e-06 1.89256e-07 0.0 0.0 0.320729 0.0129413 2.62988e-05 1.26938e-06 0.0 0.0 0.0 0.244789 0.0129146 0.0 0.0 0.0 0.0 0.0 0.257173 0.00718542 0.0 0.0 0.0 0.0 0.0 0.261626
1350 0.120673 0.0535616 0.00623718 3.50663e-05 3.45237e-06 3.40103e-07 0.0 0.197576 0.034714 5.62362e-05 5.13643e-06 2.37835e-07 0.0 0.0 0.317058 0.0127662 2.73771e-05 1.22505e-06 0.0 0.0 0.0 0.241967 0.0127799 0.0 0.0 0.0 0.0 0.0 0.254389 0.00709041 0.0 0.0 0.0 0.0 0.0 0.258665
1400 0.119337 0.0528243 0.00614207 4.07027e-05 2.47227e-06 0.0 0.0 0.195252 0.0343034 5.73123e-05 3.35985e-06 1.63936e-07 0.0 0.0 0.31349 0.0126167 2.42267e-05 1.16423e-06 0.0 0.0 0.0 0.23909 0.0126623 0.0 0.0 0.0 0.0 0.0 0.251459 0.00698834 0.0 0.0 0.0 0.0 0.0 0.255887
