800 0.000204841 0.000399977 0.000349712 0.000561184 0.000858665 0.000161721 0.000172458 4.2927e-05
850 0.00024048 0.000456385 0.000410113 0.000595154 0.000891263 0.000138465 0.000211447 3.40551e-05
900 0.000211025 0.000419289 0.000376428 0.000623036 0.000931621 0.000177489 0.00017745 4.67775e-05
950 0.000205265 0.000487065 0.000367304 0.000515492 0.000928882 0.000159472 0.000222908 5.72758e-05
973 0.000212422 0.000439859 0.000359929 0.000571756 0.000911104 9.9905e-05 0.000210296 4.64829e-05
1000 0.000185892 0.0004947 0.000352902 0.000582615 0.000885801 0.000135555 0.000193946 4.84077e-05
1050 0.000240895 0.000481574 0.000350307 0.000530312 0.000846138 0.000127313 0.000230393 6.38825e-05
1100 0.000245678 0.000397006 0.000368342 0.00058286 0.000899695 0.000125291 0.000204907 4.39921e-05
1150 0.000206567 0.000448107 0.000409977 0.000580125 0.00086227 0.000132049 0.000217574 2.65351e-05
1200 0.000203474 0.000411437 0.000371231 0.000546714 0.000979436 0.000118952 0.000206446 3.6821e-05
1250 0.000212824 0.000398047 0.000372516 0.000606953 0.000913861 0.000107929 0.00019195 3.12528e-05
1300 0.000208582 0.00039116 0.000354192 0.000608251 0.000954376 0.000158387 0.00021517 4.07103e-05
1350 0.000179942 0.000418715 0.000347021 0.000594005 0.00094984 0.000127802 0.000188323 3.65142e-05
1400 0.000222626 0.0004082 0.000446726 0.00056321 0.000846333 0.000141475 0.000216446 5.3384e-05
