800 0.00505186 0.378387 0.594371 0.0195636 0.00262687 0.0
850 0.00335739 0.361386 0.607027 0.0264614 0.00176882 0.0
900 0.00579899 0.382747 0.590155 0.0193813 0.00107194 0.000845759
950 0.00770778 0.342062 0.611523 0.0326858 0.00530162 0.000719711
973 0.00336303 0.350005 0.625263 0.0203745 0.000503959 0.000490172
1000 0.000487106 0.379566 0.598855 0.0191338 0.00195742 0.0
1050 0.000979195 0.353397 0.617059 0.0256565 0.00241096 0.000497524
1100 0.00413076 0.356997 0.605954 0.0243406 0.00648359 0.00209373
1150 0.000364552 0.374178 0.591062 0.0288933 0.00356783 0.00193425
1200 0.00437534 0.35457 0.61394 0.0247481 0.00236646 0.0
1250 0.00275091 0.355843 0.607306 0.0297653 0.0043348 0.0
1300 0.00494325 0.387022 0.582542 0.0225155 0.00159573 0.00138122
1350 0.00349134 0.353943 0.60578 0.0313688 0.00506859 0.000347662
1400 0.00685095 0.3593 0.605884 0.0244525 0.0028227 0.000690376
