800 2.73625 2.56189 2.49959 2.49193 2.49026 2.49097
850 2.73749 2.5619 2.49959 2.49193 2.49026 2.49097
900 2.73817 2.56188 2.49958 2.49193 2.49026 2.491
950 2.7383 2.56186 2.49959 2.49193 2.49026 2.491
973 2.73665 2.56189 2.4996 2.49193 2.49026 2.491
1000 2.73854 2.56186 2.49959 2.49193 2.49026 2.49101
1050 2.73667 2.56188 2.4996 2.49193 2.49026 2.49103
1100 2.73718 2.56187 2.49959 2.49193 2.49026 2.49103
1150 2.73727 2.56185 2.49959 2.49192 2.49026 2.49104
1200 2.73712 2.56189 2.49961 2.49192 2.49026 2.49104
1250 2.7374 2.56188 2.49961 2.49192 2.49025 2.49105
1300 2.73718 2.56187 2.49961 2.49192 2.49026 2.49106
1350 2.73773 2.56186 2.49961 2.49192 2.49025 2.49107
1400 2.73732 2.56185 2.49962 2.49192 2.49025 2.49108
