800 0.00609385 0.00401721 0.00440486 0.00667965 0.0135204 0.0329392
850 0.00603056 0.00397587 0.00435937 0.00661069 0.0133771 0.0325557
900 0.00596778 0.00393443 0.0043139 0.00654171 0.0132371 0.0321769
950 0.00590511 0.00389301 0.00426843 0.00647286 0.0130944 0.0317898
973 0.00587656 0.00387402 0.00424747 0.00644118 0.0130291 0.0316065
1000 0.00584303 0.00385212 0.00422343 0.00640476 0.0129562 0.0314244
1050 0.00577926 0.00381022 0.00417744 0.00633512 0.0128127 0.0310264
1100 0.0057167 0.00376887 0.00413197 0.00626604 0.0126707 0.0306422
1150 0.00565365 0.0037275 0.0040865 0.0061973 0.0125285 0.0302758
1200 0.00559125 0.00368606 0.004041 0.00612848 0.012391 0.0299192
1250 0.00552791 0.00364473 0.00399554 0.00605946 0.0122486 0.029535
1300 0.00546539 0.00360332 0.00395005 0.00599047 0.0121076 0.0291586
1350 0.00540267 0.00356195 0.00390454 0.00592154 0.0119664 0.0287933
1400 0.00533979 0.00352048 0.00385907 0.00585269 0.0118245 0.0284287
