800 2.28825 1.52316 0.96682 1.17687 1.12439 1.0872
850 2.31192 1.53913 0.976849 1.18911 1.13526 1.09696
900 2.33612 1.55525 0.987059 1.20054 1.14589 1.10696
950 2.36099 1.57186 0.9975 1.21334 1.15729 1.11729
973 2.37287 1.57958 1.00243 1.21927 1.16268 1.12217
1000 2.38603 1.58856 1.00806 1.22529 1.16843 1.12776
1050 2.41234 1.60595 1.01912 1.23872 1.18048 1.13873
1100 2.43934 1.62374 1.03029 1.25238 1.19291 1.14982
1150 2.46594 1.64177 1.0417 1.2663 1.20547 1.16128
1200 2.49412 1.6601 1.05329 1.27898 1.21758 1.17301
1250 2.52184 1.67907 1.06525 1.29359 1.2308 1.18493
1300 2.5511 1.69838 1.07747 1.30837 1.24446 1.19735
1350 2.58068 1.71814 1.08999 1.32362 1.25829 1.21003
1400 2.61076 1.7383 1.10273 1.33918 1.27252 1.2231
