800 1.99286 1.13985 0.58426 0.481692 0.397065 0.247753
850 2.16155 1.13761 0.585014 0.481306 0.396076 0.247696
900 1.98296 1.14053 0.585162 0.479923 0.395651 0.249
950 1.97085 1.13146 0.584017 0.479698 0.396539 0.248673
973 2.01459 1.13028 0.584104 0.480288 0.396795 0.250279
1000 2.00134 1.13778 0.583612 0.480992 0.395873 0.249713
1050 1.95591 1.13311 0.582712 0.480502 0.395915 0.251105
1100 1.96781 1.1332 0.584937 0.48031 0.395552 0.251158
1150 1.92944 1.13357 0.584023 0.479465 0.396603 0.251633
1200 1.91006 1.12771 0.583508 0.479894 0.396883 0.251707
1250 1.8852 1.12877 0.58244 0.480901 0.396893 0.253312
1300 1.85397 1.12817 0.582028 0.479213 0.396197 0.253284
1350 1.84437 1.13174 0.582733 0.479417 0.39633 0.254626
1400 1.89005 1.12452 0.582156 0.479409 0.39684 0.25454
