800 0.00222536 0.00156501 0.00176015 0.00270162 0.00554941 0.0140081
850 0.00220467 0.0015485 0.00174189 0.00267411 0.00548811 0.0138936
900 0.00218194 0.00153228 0.00172384 0.00264624 0.00543586 0.0136766
950 0.00215979 0.00151608 0.00170564 0.00261936 0.00537695 0.0135231
973 0.00214719 0.0015086 0.00169707 0.00260628 0.00534975 0.0134624
1000 0.00213724 0.00150046 0.00168744 0.00259162 0.00532198 0.0133688
1050 0.00211181 0.00148403 0.00166904 0.0025638 0.00526347 0.013149
1100 0.00208895 0.00146774 0.00165112 0.00253635 0.00520694 0.0130293
1150 0.00206631 0.0014523 0.00163293 0.00250898 0.00515158 0.0128741
1200 0.00204277 0.00143564 0.00161449 0.00248085 0.00509658 0.0127297
1250 0.00202055 0.0014194 0.00159635 0.00245366 0.00503554 0.0125569
1300 0.00199753 0.00140286 0.00157827 0.00242626 0.00498067 0.0123954
1350 0.00197451 0.00138693 0.00156008 0.00239832 0.00492275 0.0122133
1400 0.00195127 0.00137122 0.00154178 0.00237041 0.00486597 0.0120523
