800 2.27846 1.48458 0.965949 1.17798 1.13897 1.1523
850 2.2996 1.50037 0.975856 1.19039 1.1496 1.16229
900 2.3282 1.51584 0.986131 1.20154 1.16028 1.17252
950 2.35346 1.5315 0.99661 1.21433 1.17164 1.18354
973 2.3633 1.5388 1.00143 1.2204 1.17696 1.18862
1000 2.37701 1.54832 1.00707 1.22608 1.18274 1.19392
1050 2.40353 1.56557 1.01817 1.23948 1.19477 1.2055
1100 2.43105 1.58222 1.02943 1.25299 1.20714 1.21734
1150 2.46104 1.60028 1.04078 1.26698 1.21977 1.22922
1200 2.48201 1.61816 1.05213 1.27912 1.23183 1.24129
1250 2.51323 1.63647 1.06415 1.29372 1.2451 1.25367
1300 2.54167 1.65486 1.0765 1.30879 1.25841 1.26646
1350 2.57007 1.67485 1.08916 1.3241 1.27237 1.27952
1400 2.5986 1.69409 1.10165 1.33943 1.28666 1.29286
