800 0.00236363 0.000293693 1.5088e-08 1.58753e-08 3.96733e-09 0.0
850 0.0023398 0.000289835 1.49368e-08 1.57106e-08 3.93283e-09 0.0
900 0.00231516 0.000287458 1.47876e-08 1.56138e-08 3.94272e-09 0.0
950 0.00229093 0.000284245 1.46401e-08 1.54505e-08 3.90542e-09 0.0
973 0.00227761 0.000282473 1.45607e-08 1.53744e-08 3.89015e-09 0.0
1000 0.00226613 0.000281213 1.44825e-08 1.53415e-08 3.90998e-09 0.0
1050 0.00224252 0.000278187 1.43291e-08 1.51721e-08 3.8679e-09 0.0
1100 0.00221913 0.00027508 1.41715e-08 1.50075e-08 3.82886e-09 0.0
1150 0.00219432 0.000272068 1.40205e-08 1.48442e-08 3.79645e-09 0.0
1200 0.00216949 0.000269143 1.3867e-08 1.47535e-08 3.80961e-09 0.0
1250 0.00214597 0.000265961 1.37101e-08 1.45874e-08 3.77544e-09 0.0
1300 0.00212124 0.000262492 1.35576e-08 1.44225e-08 3.73457e-09 0.0
1350 0.00209808 0.000259961 1.33999e-08 1.42546e-08 3.69488e-09 0.0
1400 0.00207145 0.000257058 1.32493e-08 1.40887e-08 3.65961e-09 0.0
