800 1.69318 1.41035 0.739985 0.232617 0.228925 0.233447
850 1.69651 1.41 0.74001 0.232597 0.228874 0.233359
900 1.6945 1.40998 0.740102 0.232591 0.228778 0.233236
950 1.69389 1.40916 0.739939 0.232594 0.228696 0.233106
973 1.69766 1.4098 0.739889 0.232552 0.228657 0.233062
1000 1.69414 1.40978 0.739982 0.232557 0.228611 0.233035
1050 1.69543 1.40952 0.739959 0.232521 0.228531 0.232933
1100 1.69542 1.40948 0.739802 0.232531 0.22844 0.232795
1150 1.69299 1.40943 0.739727 0.232503 0.228378 0.232755
1200 1.6924 1.40958 0.739783 0.232513 0.228297 0.23262
1250 1.69617 1.4095 0.739707 0.232466 0.22824 0.232531
1300 1.69416 1.40836 0.73966 0.232421 0.228186 0.232428
1350 1.69647 1.40884 0.73976 0.232407 0.228112 0.232352
1400 1.69352 1.40852 0.739694 0.232397 0.22804 0.232275
