800 3.98686e-10 7.54943e-10 2.6822e-09 6.71991e-09 1.56343e-08 4.55701e-08
850 3.98668e-10 7.55082e-10 2.68129e-09 6.7204e-09 1.56299e-08 4.56467e-08
900 3.98596e-10 7.55233e-10 2.68183e-09 6.72067e-09 1.56385e-08 4.52757e-08
950 3.98541e-10 7.55396e-10 2.68155e-09 6.72219e-09 1.56323e-08 4.53175e-08
973 3.98784e-10 7.55228e-10 2.68032e-09 6.72232e-09 1.5632e-08 4.52779e-08
1000 3.98496e-10 7.5512e-10 2.68008e-09 6.72266e-09 1.56357e-08 4.52085e-08
1050 3.98756e-10 7.55209e-10 2.67942e-09 6.72424e-09 1.56299e-08 4.48908e-08
1100 3.98633e-10 7.5528e-10 2.68113e-09 6.72379e-09 1.56305e-08 4.50183e-08
1150 3.98644e-10 7.54972e-10 2.68058e-09 6.7272e-09 1.564e-08 4.49658e-08
1200 3.98583e-10 7.55133e-10 2.67867e-09 6.72605e-09 1.56379e-08 4.48111e-08
1250 3.98558e-10 7.55267e-10 2.67871e-09 6.72764e-09 1.56279e-08 4.47333e-08
1300 3.98661e-10 7.55552e-10 2.67919e-09 6.73017e-09 1.56358e-08 4.46718e-08
1350 3.98482e-10 7.55414e-10 2.67894e-09 6.72946e-09 1.56344e-08 4.45281e-08
1400 3.98509e-10 7.55228e-10 2.67778e-09 6.73066e-09 1.56327e-08 4.45007e-08
