800 2.73746 2.56187 2.4996 2.49193 2.49026 2.49097
850 2.73829 2.56187 2.49958 2.49193 2.49026 2.49097
900 2.73759 2.56187 2.49959 2.49193 2.49026 2.49099
950 2.73744 2.56189 2.4996 2.49193 2.49026 2.49099
973 2.73782 2.5619 2.4996 2.49193 2.49026 2.49101
1000 2.73753 2.56184 2.4996 2.49193 2.49026 2.49101
1050 2.73702 2.56186 2.4996 2.49192 2.49026 2.49102
1100 2.73777 2.56189 2.49961 2.49192 2.49026 2.49103
1150 2.7386 2.56185 2.4996 2.49192 2.49026 2.49103
1200 2.73825 2.56186 2.4996 2.49192 2.49026 2.49105
1250 2.73782 2.56189 2.49961 2.49192 2.49026 2.49105
1300 2.737 2.56188 2.49961 2.49192 2.49026 2.49106
1350 2.73756 2.5619 2.4996 2.49192 2.49026 2.49107
1400 2.73779 2.56186 2.49962 2.49191 2.49026 2.49108
