800 0.0736503 0.0462926 0.0203577 0.0213235 0.0179485 0.0127786
850 0.0730343 0.0458486 0.0201569 0.0211085 0.0177959 0.0127826
900 0.0721684 0.0453434 0.0199272 0.0209083 0.017633 0.0128552
950 0.0712683 0.0448864 0.0197257 0.0206668 0.0174659 0.0128704
973 0.071036 0.0447317 0.019638 0.0205636 0.0173906 0.012897
1000 0.0704577 0.04442 0.019517 0.0204508 0.0173111 0.0129129
1050 0.0698873 0.0439384 0.0192982 0.020227 0.0171373 0.0129215
1100 0.06904 0.0434814 0.0190702 0.0200086 0.0169681 0.0129051
1150 0.0682128 0.043003 0.0188655 0.0197786 0.0167906 0.0129044
1200 0.0676555 0.0425003 0.0186575 0.0195632 0.0166177 0.012904
1250 0.0666901 0.0420169 0.0184455 0.0193391 0.0164525 0.0128969
1300 0.0660095 0.0415347 0.0182287 0.0191068 0.0162768 0.0128744
1350 0.065294 0.0410462 0.0180134 0.0188749 0.0160894 0.0128509
1400 0.0646364 0.040576 0.0178079 0.0186726 0.0159225 0.0128258
