800 0.00369437 0.372471 0.601582 0.019281 0.00271727 0.000253606
850 0.00493629 0.380869 0.579392 0.0305647 0.00394448 0.00029356
900 0.00295435 0.417347 0.554347 0.0184983 0.00637836 0.000474926
950 0.00283423 0.369985 0.595825 0.0295699 0.0010576 0.000728326
973 0.0019222 0.384701 0.591754 0.0188637 0.0027592 0.0
1000 0.00259991 0.371688 0.600361 0.0217124 0.0031681 0.000470623
1050 0.0024445 0.355911 0.613381 0.0249688 0.00293746 0.000357263
1100 0.0032723 0.376392 0.591719 0.0226544 0.00382693 0.0021358
1150 0.00403168 0.36092 0.607618 0.0238731 0.00330813 0.000249067
1200 0.00331943 0.351039 0.624489 0.0201931 0.000959217 0.0
1250 0.0054156 0.351002 0.611488 0.0248531 0.00675016 0.000491303
1300 0.000748239 0.385739 0.580575 0.0285106 0.0041511 0.000275875
1350 0.00348321 0.36781 0.605554 0.0212989 0.00185408 0.0
1400 0.00302573 0.371654 0.60112 0.0194443 0.00336387 0.00139276
