800 4.8855e+18 1.9794e+19 5.00964e+19 3.36276e+19 2.59142e+19 8.57192e+18
850 4.98968e+18 2.01474e+19 5.12092e+19 3.43269e+19 2.65209e+19 8.79859e+18
900 5.17311e+18 2.08639e+19 5.30275e+19 3.55265e+19 2.7332e+19 8.95203e+18
950 5.27034e+18 2.13576e+19 5.42549e+19 3.63918e+19 2.80804e+19 9.18166e+18
973 5.37332e+18 2.17197e+19 5.50319e+19 3.68044e+19 2.83463e+19 9.23227e+18
1000 5.43843e+18 2.18784e+19 5.55252e+19 3.71375e+19 2.86813e+19 9.28976e+18
1050 5.53813e+18 2.23314e+19 5.68062e+19 3.79596e+19 2.93496e+19 9.41633e+18
1100 5.72788e+18 2.31701e+19 5.88122e+19 3.92079e+19 3.03051e+19 9.74534e+18
1150 5.85952e+18 2.37088e+19 6.00339e+19 4.01457e+19 3.10314e+19 9.96991e+18
1200 6.00112e+18 2.42873e+19 6.18368e+19 4.1268e+19 3.18485e+19 1.01608e+19
1250 6.19693e+18 2.50439e+19 6.36428e+19 4.2458e+19 3.28754e+19 1.04049e+19
1300 6.28434e+18 2.55537e+19 6.48035e+19 4.32234e+19 3.3511e+19 1.05969e+19
1350 6.59624e+18 2.65987e+19 6.77703e+19 4.51038e+19 3.49529e+19 1.09808e+19
1400 6.7753e+18 2.737e+19 6.95343e+19 4.61844e+19 3.5831e+19 1.12118e+19
