800 0.0715442 0.0409412 0.0182231 0.0204375 0.0200435 0.027125
850 0.0707949 0.0405134 0.0180314 0.0202224 0.0198609 0.026989
900 0.0700631 0.0400925 0.0178395 0.0200187 0.0196845 0.0268488
950 0.0693132 0.039666 0.0176502 0.019806 0.0194946 0.0267013
973 0.0689844 0.0394722 0.0175614 0.0197085 0.0194086 0.0266265
1000 0.0685952 0.0392473 0.0174609 0.0196037 0.0193173 0.0265449
1050 0.0678462 0.0388224 0.0172666 0.0193901 0.0191259 0.0263821
1100 0.0671162 0.0383993 0.0170759 0.0191736 0.0189271 0.0262134
1150 0.0663809 0.0379718 0.0168842 0.0189609 0.0187352 0.0260318
1200 0.0656343 0.0375481 0.0166941 0.0187587 0.0185563 0.0258484
1250 0.0649063 0.0371298 0.0165012 0.0185429 0.0183641 0.025669
1300 0.0641573 0.0367007 0.0163117 0.0183321 0.0181629 0.0254698
1350 0.0634083 0.0362772 0.0161179 0.0181205 0.0179637 0.0252739
1400 0.0626946 0.0358533 0.0159254 0.0179061 0.0177664 0.0250628
