800 2.30418 1.52142 0.960693 1.17545 1.12265 1.08296
850 2.32608 1.53592 0.970828 1.18767 1.13281 1.09157
900 2.34785 1.55154 0.981165 1.19925 1.14422 1.10248
950 2.37443 1.56871 0.991268 1.21195 1.15478 1.11244
973 2.38176 1.5764 0.995996 1.2179 1.15997 1.11746
1000 2.39725 1.5855 1.00164 1.22434 1.16599 1.12284
1050 2.42302 1.60316 1.01243 1.23737 1.17792 1.13324
1100 2.45537 1.61847 1.02365 1.25066 1.19038 1.14572
1150 2.47343 1.63928 1.03528 1.26497 1.20284 1.15611
1200 2.50702 1.65566 1.04617 1.27791 1.21463 1.16708
1250 2.53708 1.67609 1.05848 1.29172 1.2282 1.17952
1300 2.56101 1.69584 1.07008 1.30658 1.2413 1.19125
1350 2.59081 1.71252 1.08241 1.32283 1.25557 1.20443
1400 2.62225 1.73429 1.09564 1.33745 1.27006 1.21762
