800 0.0 0.374876 0.599378 0.0257454 0.0 0.0
850 0.0172923 0.327079 0.623569 0.0320598 0.0 0.0
900 0.0131198 0.36589 0.584934 0.0324435 0.00361286 0.0
950 0.00659353 0.396762 0.569077 0.0263834 0.0 0.00118393
973 0.0 0.431985 0.547782 0.0176494 0.00258398 0.0
1000 0.00861805 0.375554 0.567302 0.0378386 0.00916555 0.00152197
1050 0.00420204 0.398286 0.573233 0.0196921 0.00229358 0.00229358
1100 0.00546664 0.375329 0.589755 0.0223848 0.00585982 0.00120468
1150 0.00446709 0.389676 0.571747 0.0318876 0.00222222 0.0
1200 0.00108959 0.384847 0.576445 0.03486 0.00275875 0.0
1250 0.0112435 0.373947 0.590287 0.0240616 0.000460208 0.0
1300 0.00540281 0.369374 0.608576 0.0152364 0.00141127 0.0
1350 0.00271272 0.386856 0.57801 0.0324213 0.0 0.0
1400 0.00408735 0.352592 0.605722 0.0318344 0.00473826 0.00102558
