800 0.136126 0.0605177 0.0069424 4.21133e-05 3.11585e-06 1.09782e-07 0.0 0.222938 0.0384946 6.34779e-05 4.52269e-06 1.72025e-07 0.0 0.0 0.354372 0.0144717 2.84604e-05 1.53619e-06 0.0 0.0 0.0 0.272955 0.0132646 0.0 0.0 0.0 0.0 0.0 0.285501 0.00698333 0.0 0.0 0.0 0.0 0.0 0.288566
850 0.134734 0.0598821 0.00687458 4.10999e-05 2.9626e-06 1.30467e-07 0.0 0.220641 0.038094 6.24267e-05 4.38637e-06 1.46478e-07 0.0 0.0 0.350733 0.014318 2.81216e-05 1.49166e-06 0.0 0.0 0.0 0.270147 0.0131262 0.0 0.0 0.0 0.0 0.0 0.282745 0.00689474 0.0 0.0 0.0 0.0 0.0 0.285877
900 0.133326 0.0592594 0.006803 4.11243e-05 3.02592e-06 1.39068e-07 0.0 0.218345 0.0376998 6.16811e-05 4.36064e-06 1.40883e-07 0.0 0.0 0.347119 0.0141654 2.78516e-05 1.45572e-06 0.0 0.0 0.0 0.267585 0.0129834 0.0 0.0 0.0 0.0 0.0 0.28012 0.00680523 0.0 0.0 0.0 0.0 0.0 0.28317
950 0.131934 0.0586297 0.0067296 4.06947e-05 2.78623e-06 1.2915e-07 0.0 0.216053 0.0372972 6.11301e-05 4.40813e-06 1.42766e-07 0.0 0.0 0.343479 0.014014 2.75514e-05 1.50515e-06 0.0 0.0 0.0 0.264771 0.0128437 0.0 0.0 0.0 0.0 0.0 0.277336 0.00672033 0.0 0.0 0.0 0.0 0.0 0.280456
973 0.131276 0.0583441 0.00670035 4.03569e-05 2.96745e-06 1.55816e-07 0.0 0.214992 0.0371128 6.12213e-05 4.34393e-06 1.58932e-07 0.0 0.0 0.341801 0.0139439 2.73745e-05 1.47377e-06 0.0 0.0 0.0 0.263476 0.0127815 0.0 0.0 0.0 0.0 0.0 0.276046 0.00668039 0.0 0.0 0.0 0.0 0.0 0.279187
1000 0.130538 0.0580243 0.00665944 4.07786e-05 2.90571e-06 1.35773e-07 0.0 0.213774 0.0369026 6.08282e-05 4.32632e-06 1.48664e-07 0.0 0.0 0.339896 0.0138606 2.71368e-05 1.48224e-06 0.0 0.0 0.0 0.262192 0.0127023 0.0 0.0 0.0 0.0 0.0 0.274686 0.00663447 0.0 0.0 0.0 0.0 0.0 0.277751
1050 0.12912 0.057378 0.00659521 3.96235e-05 2.7763e-06 1.43463e-07 0.0 0.211452 0.0365024 5.99036e-05 4.35888e-06 1.43283e-07 0.0 0.0 0.336214 0.0137072 2.68403e-05 1.45296e-06 0.0 0.0 0.0 0.259342 0.0125623 0.0 0.0 0.0 0.0 0.0 0.27185 0.00654948 0.0 0.0 0.0 0.0 0.0 0.274983
1100 0.127708 0.0567634 0.00652025 3.93637e-05 2.77694e-06 1.51873e-07 0.0 0.209152 0.0361059 5.91734e-05 4.18984e-06 1.4586e-07 0.0 0.0 0.332573 0.0135551 2.66888e-05 1.40271e-06 0.0 0.0 0.0 0.25653 0.012422 0.0 0.0 0.0 0.0 0.0 0.269033 0.0064666 0.0 0.0 0.0 0.0 0.0 0.272219
1150 0.126305 0.0561478 0.00644178 3.95141e-05 2.84533e-06 1.19658e-07 0.0 0.206859 0.035703 5.86427e-05 4.18677e-06 1.39084e-07 0.0 0.0 0.328936 0.0134022 2.65373e-05 1.37994e-06 0.0 0.0 0.0 0.253711 0.0122855 0.0 0.0 0.0 0.0 0.0 0.266209 0.00638378 0.0 0.0 0.0 0.0 0.0 0.269463
1200 0.124908 0.0555108 0.00637685 3.92414e-05 2.67308e-06 1.03422e-07 0.0 0.20456 0.0353037 5.81026e-05 4.08772e-06 1.43059e-07 0.0 0.0 0.325321 0.0132499 2.6122e-05 1.38278e-06 0.0 0.0 0.0 0.251201 0.0121404 0.0 0.0 0.0 0.0 0.0 0.263562 0.00630042 0.0 0.0 0.0 0.0 0.0 0.266684
1250 0.123502 0.0548998 0.00629939 3.80061e-05 2.65636e-06 1.07371e-07 0.0 0.202256 0.0349136 5.73844e-05 4.12692e-06 1.42092e-07 0.0 0.0 0.321685 0.0130956 2.58715e-05 1.38929e-06 0.0 0.0 0.0 0.248383 0.0119991 0.0 0.0 0.0 0.0 0.0 0.260716 0.00621889 0.0 0.0 0.0 0.0 0.0 0.263884
1300 0.122104 0.0542586 0.00623493 3.78681e-05 2.67374e-06 1.38223e-07 0.0 0.199965 0.0345078 5.65143e-05 4.0604e-06 1.37714e-07 0.0 0.0 0.318043 0.012943 2.54832e-05 1.37392e-06 0.0 0.0 0.0 0.245562 0.0118626 0.0 0.0 0.0 0.0 0.0 0.257866 0.00613738 0.0 0.0 0.0 0.0 0.0 0.261107
1350 0.120709 0.0536278 0.00615632 3.75383e-05 2.70301e-06 1.20074e-07 0.0 0.197669 0.0341088 5.61933e-05 3.98543e-06 1.37698e-07 0.0 0.0 0.314397 0.0127898 2.52537e-05 1.34912e-06 0.0 0.0 0.0 0.242739 0.0117251 0.0 0.0 0.0 0.0 0.0 0.255012 0.00605993 0.0 0.0 0.0 0.0 0.0 0.258296
1400 0.119283 0.0530276 0.00608874 3.68324e-05 2.74228e-06 1.29558e-07 0.0 0.195371 0.0337103 5.55046e-05 3.92064e-06 1.29968e-07 0.0 0.0 0.310761 0.0126387 2.48769e-05 1.31876e-06 0.0 0.0 0.0 0.23992 0.0115858 0.0 0.0 0.0 0.0 0.0 0.252147 0.00597798 0.0 0.0 0.0 0.0 0.0 0.255486
