800 0.210973 0.0743643 0.0158629 0.000140165 1.71013e-05 2.35609e-06 0.0 0.267299 0.0185314 8.73821e-05 1.10774e-05 8.67539e-07 0.0 0.0 0.515772 0.00879623 1.97255e-05 5.64015e-07 0.0 0.0 0.0 1.5133 0.0308684 1.2409e-08 0.0 0.0 0.0 0.0 1.49592 0.0152933 0.0 0.0 0.0 0.0 0.0 1.41446
850 0.210992 0.0743269 0.015855 0.000135063 1.63903e-05 1.70751e-06 0.0 0.267289 0.0185391 8.62356e-05 1.20332e-05 8.40389e-07 0.0 0.0 0.51573 0.00878441 2.04136e-05 5.59022e-07 0.0 0.0 0.0 1.51345 0.0308335 2.33313e-08 0.0 0.0 0.0 0.0 1.49638 0.0152541 0.0 0.0 0.0 0.0 0.0 1.41509
900 0.21086 0.074431 0.0158051 0.000133462 1.57387e-05 2.80447e-06 0.0 0.2673 0.0185378 8.80985e-05 1.17247e-05 1.13837e-06 0.0 0.0 0.515804 0.00879094 1.98021e-05 4.56847e-07 0.0 0.0 0.0 1.51332 0.0308243 2.47555e-08 0.0 0.0 0.0 0.0 1.49686 0.0152488 0.0 0.0 0.0 0.0 0.0 1.41554
950 0.210736 0.0745443 0.0159618 0.000138951 1.78855e-05 9.66876e-07 0.0 0.267356 0.0185379 8.61225e-05 1.13062e-05 8.88402e-07 0.0 0.0 0.515814 0.00879012 2.05422e-05 5.07971e-07 0.0 0.0 0.0 1.51338 0.0308395 0.0 0.0 0.0 0.0 0.0 1.49744 0.0152195 0.0 0.0 0.0 0.0 0.0 1.41611
973 0.210804 0.0745416 0.015877 0.000148689 1.77642e-05 1.63024e-06 0.0 0.267362 0.0185179 8.69988e-05 1.1897e-05 9.63304e-07 0.0 0.0 0.51578 0.00878059 1.99404e-05 5.19288e-07 0.0 0.0 0.0 1.51365 0.0308324 3.50035e-08 0.0 0.0 0.0 0.0 1.49764 0.0152109 0.0 0.0 0.0 0.0 0.0 1.41647
1000 0.210838 0.0743659 0.0158725 0.000153101 1.48803e-05 1.89268e-06 0.0 0.267338 0.0185286 8.76739e-05 1.23265e-05 1.10806e-06 0.0 0.0 0.515786 0.0087869 1.9549e-05 5.1795e-07 0.0 0.0 0.0 1.51377 0.0307996 2.24602e-08 0.0 0.0 0.0 0.0 1.49787 0.0152106 0.0 0.0 0.0 0.0 0.0 1.41649
1050 0.210818 0.074575 0.0158061 0.000134848 1.80344e-05 2.42943e-06 0.0 0.267411 0.0185366 8.45117e-05 1.19748e-05 9.35818e-07 0.0 0.0 0.515807 0.00877464 1.94439e-05 5.1454e-07 0.0 0.0 0.0 1.51394 0.0308167 1.14243e-08 0.0 0.0 0.0 0.0 1.49837 0.0151749 0.0 0.0 0.0 0.0 0.0 1.41702
1100 0.210767 0.0745723 0.0158196 0.00013764 1.74404e-05 1.69681e-06 0.0 0.267413 0.01852 8.73564e-05 1.27074e-05 1.11585e-06 0.0 0.0 0.515853 0.0087841 2.00951e-05 6.17919e-07 0.0 0.0 0.0 1.51372 0.0308376 1.09073e-08 0.0 0.0 0.0 0.0 1.49881 0.0151745 0.0 0.0 0.0 0.0 0.0 1.41757
1150 0.210907 0.0745088 0.0158171 0.000141218 1.82426e-05 1.66162e-06 0.0 0.267419 0.0185206 8.6832e-05 1.173e-05 1.2908e-06 0.0 0.0 0.515884 0.00878767 1.95236e-05 5.82854e-07 0.0 0.0 0.0 1.51399 0.0308205 2.10264e-08 0.0 0.0 0.0 0.0 1.49914 0.0151517 0.0 0.0 0.0 0.0 0.0 1.41799
1200 0.210689 0.0745544 0.0159582 0.000138281 1.75299e-05 1.80804e-06 0.0 0.267414 0.0185312 8.82045e-05 1.15872e-05 1.13008e-06 0.0 0.0 0.515891 0.00877699 1.92045e-05 5.28e-07 0.0 0.0 0.0 1.51393 0.0308129 0.0 0.0 0.0 0.0 0.0 1.49965 0.015129 0.0 0.0 0.0 0.0 0.0 1.41852
1250 0.210966 0.0743584 0.0159078 0.000139329 1.60345e-05 7.63128e-07 0.0 0.267449 0.0185078 8.59082e-05 1.18331e-05 1.12068e-06 0.0 0.0 0.515909 0.00878086 1.99613e-05 4.80607e-07 0.0 0.0 0.0 1.51408 0.0308207 1.03333e-08 0.0 0.0 0.0 0.0 1.50009 0.0151171 0.0 0.0 0.0 0.0 0.0 1.41905
1300 0.210837 0.0745337 0.0158609 0.000134503 1.64584e-05 1.84045e-06 0.0 0.267422 0.0185386 8.65899e-05 1.22376e-05 9.90556e-07 0.0 0.0 0.515892 0.00877468 1.95865e-05 5.15223e-07 0.0 0.0 0.0 1.51434 0.030831 0.0 0.0 0.0 0.0 0.0 1.50049 0.0151003 0.0 0.0 0.0 0.0 0.0 1.41939
1350 0.211083 0.0742781 0.0158891 0.000139973 1.72337e-05 1.71602e-06 0.0 0.267453 0.018548 8.74598e-05 1.21576e-05 9.38043e-07 0.0 0.0 0.515818 0.00877471 1.99611e-05 5.38174e-07 0.0 0.0 0.0 1.51432 0.0308198 0.0 0.0 0.0 0.0 0.0 1.50083 0.0150952 0.0 0.0 0.0 0.0 0.0 1.41991
1400 0.210833 0.0745091 0.0158743 0.000139411 1.48071e-05 1.50646e-06 0.0 0.267475 0.018549 8.51341e-05 1.21369e-05 9.60555e-07 0.0 0.0 0.515933 0.00877001 2.02167e-05 5.87927e-07 0.0 0.0 0.0 1.51451 0.0307907 1.91089e-08 0.0 0.0 0.0 0.0 1.50115 0.0150869 0.0 0.0 0.0 0.0 0.0 1.42035
