800 0.0060959 0.00400764 0.00439918 0.0067361 0.0138225 0.0350042
850 0.00603859 0.0039671 0.00435435 0.00666556 0.0136856 0.0346037
900 0.00597115 0.00392595 0.0043089 0.00659526 0.0135413 0.0341275
950 0.00590986 0.00388328 0.00426292 0.00652785 0.0133952 0.0337914
973 0.00588327 0.00386427 0.00424218 0.00649706 0.0133309 0.0334864
1000 0.00584818 0.00384394 0.00421822 0.00645947 0.0132655 0.0332855
1050 0.00578222 0.00380193 0.00417234 0.0063887 0.0131165 0.0328725
1100 0.0057213 0.00375957 0.00412675 0.0063202 0.0129751 0.03243
1150 0.00566303 0.00371942 0.00408132 0.00625267 0.0128267 0.032078
1200 0.0055982 0.00367772 0.00403619 0.00618407 0.0126838 0.0316559
1250 0.00553189 0.00363607 0.00399025 0.00611557 0.0125425 0.0312859
1300 0.00546728 0.00359338 0.00394498 0.00604602 0.012408 0.0308871
1350 0.005407 0.00355258 0.00389975 0.00597737 0.0122615 0.0304469
1400 0.00534366 0.00351255 0.00385399 0.00590783 0.0121296 0.0300543
