800 1.57388e+19 1.46316e+20 4.93618e+20 1.8921e+20 2.09088e+20 8.58239e+19
850 1.60965e+19 1.49734e+20 5.04726e+20 1.93257e+20 2.1348e+20 8.70158e+19
900 1.64471e+19 1.53081e+20 5.15594e+20 1.97472e+20 2.17704e+20 8.82268e+19
950 1.67668e+19 1.56056e+20 5.25824e+20 2.01444e+20 2.22031e+20 8.94692e+19
973 1.69689e+19 1.57978e+20 5.32328e+20 2.03574e+20 2.24463e+20 9.01562e+19
1000 1.717e+19 1.59419e+20 5.37497e+20 2.05716e+20 2.26425e+20 9.07906e+19
1050 1.75719e+19 1.63565e+20 5.50693e+20 2.10421e+20 2.31506e+20 9.22621e+19
1100 1.78857e+19 1.66788e+20 5.61917e+20 2.1483e+20 2.36253e+20 9.37297e+19
1150 1.829e+19 1.70432e+20 5.73439e+20 2.19309e+20 2.40968e+20 9.5109e+19
1200 1.87096e+19 1.74128e+20 5.86633e+20 2.23945e+20 2.4584e+20 9.65455e+19
1250 1.9164e+19 1.78386e+20 6.00005e+20 2.29145e+20 2.51331e+20 9.83608e+19
1300 1.95352e+19 1.82017e+20 6.12551e+20 2.33675e+20 2.56245e+20 9.97391e+19
1350 2.00454e+19 1.86598e+20 6.28917e+20 2.39771e+20 2.62628e+20 1.01791e+20
1400 2.04844e+19 1.91062e+20 6.42496e+20 2.44801e+20 2.68063e+20 1.03531e+20
