800 0.000973974 0.000131117 6.92438e-09 7.31181e-09 1.82751e-09 0.0
850 0.000964063 0.000129394 6.85497e-09 7.23599e-09 1.81162e-09 0.0
900 0.000953863 0.000128333 6.78649e-09 7.19137e-09 1.81618e-09 0.0
950 0.000943974 0.000126898 6.71881e-09 7.11617e-09 1.799e-09 0.0
973 0.000938651 0.000126108 6.68239e-09 7.08114e-09 1.79196e-09 0.0
1000 0.000933795 0.000125545 6.64649e-09 7.06598e-09 1.80109e-09 0.0
1050 0.000923902 0.000124193 6.5761e-09 6.98792e-09 1.78171e-09 0.0
1100 0.000914208 0.000122806 6.50374e-09 6.91214e-09 1.76373e-09 0.0
1150 0.000903984 0.000121462 6.43445e-09 6.83694e-09 1.7488e-09 0.0
1200 0.00089382 0.000120156 6.36403e-09 6.79514e-09 1.75486e-09 0.0
1250 0.000883945 0.000118735 6.29203e-09 6.71865e-09 1.73912e-09 0.0
1300 0.000873859 0.000117187 6.22203e-09 6.64269e-09 1.7203e-09 0.0
1350 0.000864157 0.000116057 6.14963e-09 6.56536e-09 1.70201e-09 0.0
1400 0.000853475 0.00011476 6.08051e-09 6.48897e-09 1.68577e-09 0.0
