800 3.30619e-08 2.74792e-06 1.90467e-06 5.49886e-06 2.65259e-05 3.79086e-06 8.86753e-06 4.40317e-06
850 3.75526e-08 4.22088e-06 8.28919e-07 3.63684e-06 2.47833e-05 1.11389e-05 1.27088e-05 3.35153e-06
900 4.93039e-08 2.41503e-06 7.33125e-07 7.58459e-06 3.12481e-05 1.11945e-05 1.29524e-05 5.94333e-06
950 2.88645e-08 4.80174e-06 2.11377e-06 3.42026e-06 2.8578e-05 1.04425e-05 1.52337e-05 4.27257e-06
973 3.41972e-08 2.31626e-06 6.05517e-07 4.66516e-06 2.18363e-05 6.44373e-06 1.56909e-05 1.93402e-06
1000 7.47031e-08 3.10006e-06 5.30955e-07 4.07367e-06 2.36272e-05 7.11194e-06 1.75848e-05 5.74206e-06
1050 3.3328e-08 2.79777e-06 9.1226e-07 6.66725e-06 2.44331e-05 4.72518e-06 1.51933e-05 4.55654e-06
1100 2.33177e-07 3.30832e-06 6.47815e-07 5.06033e-06 3.14234e-05 8.37954e-06 1.71958e-05 1.22721e-06
1150 3.01411e-08 1.64622e-06 1.33912e-06 7.0138e-06 2.64355e-05 5.23992e-06 1.94742e-05 2.51873e-06
1200 4.44529e-08 2.59332e-06 2.02632e-06 3.75496e-06 3.14592e-05 6.51944e-06 1.44366e-05 2.12581e-06
1250 3.54461e-08 3.29444e-06 1.53091e-06 3.87709e-06 3.3392e-05 1.57413e-05 1.65833e-05 5.33839e-06
1300 3.98549e-08 2.14806e-06 1.6166e-06 5.78126e-06 3.27403e-05 5.36649e-06 1.43823e-05 4.89917e-06
1350 4.40064e-08 2.96581e-06 1.12724e-06 9.63268e-06 2.64419e-05 6.19084e-06 1.87654e-05 4.30517e-06
1400 3.6928e-08 3.92968e-06 3.24984e-07 7.23591e-06 3.0204e-05 7.43966e-06 1.56794e-05 3.14969e-06
