800 4.96837e+18 2.00644e+19 5.06756e+19 3.40272e+19 2.61475e+19 8.61785e+18
850 5.12845e+18 2.06576e+19 5.24166e+19 3.51252e+19 2.69387e+19 8.81556e+18
900 5.24214e+18 2.11195e+19 5.3492e+19 3.57862e+19 2.75756e+19 8.9783e+18
950 5.28168e+18 2.12581e+19 5.4014e+19 3.63185e+19 2.78602e+19 9.0755e+18
973 5.43843e+18 2.19696e+19 5.56119e+19 3.71935e+19 2.86677e+19 9.31196e+18
1000 5.47541e+18 2.2186e+19 5.61865e+19 3.75278e+19 2.88822e+19 9.34097e+18
1050 5.71454e+18 2.306e+19 5.85077e+19 3.90217e+19 3.00381e+19 9.6708e+18
1100 5.78152e+18 2.33666e+19 5.94982e+19 3.97857e+19 3.06957e+19 9.81362e+18
1150 5.9452e+18 2.40343e+19 6.09915e+19 4.07703e+19 3.14955e+19 9.96242e+18
1200 6.1708e+18 2.48505e+19 6.30034e+19 4.19143e+19 3.23684e+19 1.03349e+19
1250 6.28692e+18 2.54324e+19 6.45097e+19 4.29213e+19 3.32077e+19 1.05046e+19
1300 6.46826e+18 2.61914e+19 6.64461e+19 4.43613e+19 3.4263e+19 1.08002e+19
1350 6.6707e+18 2.69599e+19 6.85395e+19 4.5652e+19 3.53507e+19 1.10982e+19
1400 6.89123e+18 2.78e+19 7.06976e+19 4.69799e+19 3.63568e+19 1.13027e+19
