800 7.38591e+16 3.68025e+17 8.18222e+17 4.80388e+17 4.42642e+17 1.38343e+17
850 7.74223e+16 3.92079e+17 8.70658e+17 5.07928e+17 4.63245e+17 1.4513e+17
900 8.20277e+16 4.13144e+17 9.24178e+17 5.41458e+17 4.96981e+17 1.51631e+17
950 8.42583e+16 4.3214e+17 9.67117e+17 5.69329e+17 5.23513e+17 1.5706e+17
973 8.81376e+16 4.37567e+17 9.88088e+17 5.89482e+17 5.4184e+17 1.61449e+17
1000 8.75287e+16 4.50513e+17 1.02199e+18 6.10179e+17 5.56237e+17 1.64131e+17
1050 9.58293e+16 4.89878e+17 1.09337e+18 6.51956e+17 5.95607e+17 1.72708e+17
1100 1.02007e+17 4.98742e+17 1.14428e+18 6.86345e+17 6.30958e+17 1.8467e+17
1150 1.00406e+17 5.32303e+17 1.21246e+18 7.33248e+17 6.74522e+17 1.89144e+17
1200 1.07109e+17 5.62523e+17 1.2887e+18 7.77928e+17 7.12496e+17 1.98479e+17
1250 1.16881e+17 6.00566e+17 1.37747e+18 8.35115e+17 7.58534e+17 2.08888e+17
1300 1.20628e+17 6.23713e+17 1.43594e+18 8.81642e+17 8.05735e+17 2.21455e+17
1350 1.28359e+17 6.72173e+17 1.55018e+18 9.4313e+17 8.64299e+17 2.30096e+17
1400 1.34324e+17 7.05635e+17 1.63855e+18 9.98075e+17 9.08359e+17 2.41685e+17
