800 0.000204292 0.000407966 0.00035962 0.000602003 0.000900958 0.000123847 0.000199052 2.37016e-05
850 0.000187711 0.000399224 0.000362792 0.00063081 0.000903206 0.000172065 0.000208912 5.11165e-05
900 0.000234853 0.00045296 0.000384645 0.000596984 0.000949527 0.000127309 0.000182695 4.33959e-05
950 0.000257393 0.000366885 0.000348919 0.000580309 0.000859588 0.000116909 0.000179921 4.35607e-05
973 0.00020982 0.000414978 0.000373588 0.000608016 0.000877862 0.000129483 0.000186935 3.11403e-05
1000 0.000198331 0.000432385 0.00039599 0.000539523 0.00095241 0.00013319 0.000252221 4.19448e-05
1050 0.000203658 0.000429346 0.000410674 0.000534856 0.000892625 0.000145234 0.000266808 3.79052e-05
1100 0.00025142 0.000399606 0.000342172 0.000612978 0.000869324 0.000121184 0.000219377 5.77643e-05
1150 0.000184884 0.000440533 0.000389861 0.000639833 0.000871529 0.000142843 0.000201773 3.7257e-05
1200 0.000243219 0.00042688 0.000364195 0.000539965 0.000994817 0.000147925 0.000174198 2.85322e-05
1250 0.000198242 0.000377814 0.000355107 0.000571249 0.000846878 0.000128963 0.00018077 4.56202e-05
1300 0.000165164 0.000466393 0.000377984 0.000519155 0.000960092 0.000144987 0.000174636 3.32946e-05
1350 0.000222665 0.000409108 0.000342715 0.000527834 0.000937922 0.000126619 0.000192625 2.99401e-05
1400 0.000232968 0.000451655 0.000365461 0.000561808 0.000944167 0.000121165 0.00017936 5.20677e-05
