800 4.03658e-10 7.68722e-10 2.54516e-09 6.93561e-09 1.58217e-08 5.1451e-08
850 4.02605e-10 7.72252e-10 2.53168e-09 6.94219e-09 1.58021e-08 5.10754e-08
900 4.01417e-10 7.71167e-10 2.54358e-09 6.94333e-09 1.58078e-08 5.05673e-08
950 4.02429e-10 7.717e-10 2.53785e-09 6.95552e-09 1.57708e-08 5.055e-08
973 4.0268e-10 7.69877e-10 2.5531e-09 6.95852e-09 1.57533e-08 5.01947e-08
1000 4.04052e-10 7.71888e-10 2.54983e-09 6.95047e-09 1.5794e-08 4.98842e-08
1050 4.01658e-10 7.69795e-10 2.54975e-09 6.95812e-09 1.57456e-08 4.95902e-08
1100 3.99293e-10 7.70433e-10 2.55098e-09 6.96281e-09 1.57617e-08 4.91325e-08
1150 4.03244e-10 7.71866e-10 2.54735e-09 6.95938e-09 1.57237e-08 4.87809e-08
1200 4.01514e-10 7.71344e-10 2.55028e-09 6.96105e-09 1.57207e-08 4.85805e-08
1250 4.02106e-10 7.72767e-10 2.54923e-09 6.95703e-09 1.56948e-08 4.81161e-08
1300 4.03605e-10 7.7128e-10 2.55765e-09 6.96867e-09 1.56992e-08 4.78635e-08
1350 4.01707e-10 7.70171e-10 2.55664e-09 6.96563e-09 1.56794e-08 4.75373e-08
1400 4.0283e-10 7.71292e-10 2.55307e-09 6.96046e-09 1.56821e-08 4.72153e-08
