800 3.98638e-10 7.55376e-10 2.68087e-09 6.7225e-09 1.56449e-08 4.56394e-08
850 3.98469e-10 7.55165e-10 2.68229e-09 6.72141e-09 1.56504e-08 4.5588e-08
900 3.98479e-10 7.55185e-10 2.68193e-09 6.72244e-09 1.56361e-08 4.54006e-08
950 3.98765e-10 7.55385e-10 2.68031e-09 6.72336e-09 1.56391e-08 4.53837e-08
973 3.98566e-10 7.5534e-10 2.68061e-09 6.72496e-09 1.56423e-08 4.51802e-08
1000 3.98679e-10 7.55313e-10 2.68075e-09 6.7244e-09 1.56443e-08 4.52113e-08
1050 3.98682e-10 7.55241e-10 2.68061e-09 6.7247e-09 1.56435e-08 4.50443e-08
1100 3.98539e-10 7.5539e-10 2.67997e-09 6.72542e-09 1.56456e-08 4.49196e-08
1150 3.98327e-10 7.55161e-10 2.6799e-09 6.72806e-09 1.56374e-08 4.49859e-08
1200 3.98519e-10 7.55226e-10 2.68038e-09 6.72835e-09 1.56346e-08 4.48057e-08
1250 3.98461e-10 7.55244e-10 2.67884e-09 6.73006e-09 1.56329e-08 4.47639e-08
1300 3.98745e-10 7.55619e-10 2.67877e-09 6.73039e-09 1.56429e-08 4.46772e-08
1350 3.9872e-10 7.55447e-10 2.67927e-09 6.73067e-09 1.56396e-08 4.44688e-08
1400 3.9839e-10 7.55224e-10 2.67804e-09 6.73051e-09 1.56447e-08 4.44303e-08
