800 0.159801 0.0821598 0.000888028 0.0 0.0 0.0 0.0 0.280056 0.0564102 0.0 0.0 0.0 0.0 0.0 0.528176 0.0430144 0.0 0.0 0.0 0.0 0.0 0.534813 0.0724135 0.0 0.0 0.0 0.0 0.0 0.566533 0.0333748 0.0 0.0 0.0 0.0 0.0 0.594383
850 0.159996 0.0811062 0.000616317 0.0 0.0 0.0 0.0 0.279306 0.0584314 0.0 0.0 0.0 0.0 0.0 0.528267 0.0422262 0.0 0.0 0.0 0.0 0.0 0.534927 0.073324 0.0 0.0 0.0 0.0 0.0 0.56594 0.0333523 0.0 0.0 0.0 0.0 0.0 0.598624
900 0.162177 0.0796997 0.000862229 0.0 0.0 0.0 0.0 0.279482 0.0579875 0.0 0.0 0.0 0.0 0.0 0.527639 0.042774 0.0 0.0 0.0 0.0 0.0 0.535281 0.0732983 0.0 0.0 0.0 0.0 0.0 0.567175 0.0330455 0.0 0.0 0.0 0.0 0.0 0.600087
950 0.157577 0.0832145 0.000738831 0.0 0.0 0.0 0.0 0.279844 0.0584245 0.0 0.0 0.0 0.0 0.0 0.528161 0.0424749 0.0 0.0 0.0 0.0 0.0 0.533526 0.0742064 0.0 0.0 0.0 0.0 0.0 0.56744 0.0332646 0.0 0.0 0.0 0.0 0.0 0.59604
973 0.16443 0.0766781 0.00077816 0.0 0.0 0.0 0.0 0.279947 0.057109 0.0 0.0 0.0 0.0 0.0 0.527866 0.0425957 0.0 0.0 0.0 0.0 0.0 0.534287 0.0738293 0.0 0.0 0.0 0.0 0.0 0.566912 0.0330185 0.0 0.0 0.0 0.0 0.0 0.598795
1000 0.163468 0.0791977 0.000913378 0.0 1.5471e-05 0.0 0.0 0.279835 0.0573753 0.0 0.0 0.0 0.0 0.0 0.527594 0.043281 0.0 0.0 0.0 0.0 0.0 0.534323 0.0734014 0.0 0.0 0.0 0.0 0.0 0.567173 0.0323334 0.0 0.0 0.0 0.0 0.0 0.593797
1050 0.160374 0.0803963 0.000950766 0.0 0.0 0.0 0.0 0.280128 0.0570702 0.0 0.0 0.0 0.0 0.0 0.528089 0.0428422 0.0 0.0 0.0 0.0 0.0 0.535185 0.0746225 0.0 0.0 0.0 0.0 0.0 0.567103 0.0327629 0.0 0.0 0.0 0.0 0.0 0.597703
1100 0.164196 0.0765048 0.000665813 0.0 0.0 0.0 0.0 0.279946 0.0573893 0.0 0.0 0.0 0.0 0.0 0.527956 0.0431736 0.0 0.0 0.0 0.0 0.0 0.534211 0.0741269 0.0 0.0 0.0 0.0 0.0 0.568584 0.0328783 0.0 0.0 0.0 0.0 0.0 0.601141
1150 0.160734 0.079118 0.000875928 0.0 0.0 0.0 0.0 0.279066 0.0583818 0.0 0.0 0.0 0.0 0.0 0.528007 0.0431154 0.0 0.0 0.0 0.0 0.0 0.53461 0.0743799 0.0 0.0 0.0 0.0 0.0 0.569222 0.0316721 0.0 0.0 0.0 0.0 0.0 0.596183
1200 0.160958 0.0790871 0.000814151 0.0 0.0 0.0 0.0 0.279635 0.0575223 0.0 0.0 0.0 0.0 0.0 0.527759 0.0432457 0.0 0.0 0.0 0.0 0.0 0.534277 0.0743652 0.0 0.0 0.0 0.0 0.0 0.568825 0.0314664 0.0 0.0 0.0 0.0 0.0 0.598878
1250 0.164917 0.0759837 0.000997648 0.0 0.0 0.0 0.0 0.279579 0.0582622 0.0 0.0 0.0 0.0 0.0 0.52783 0.0435815 0.0 0.0 0.0 0.0 0.0 0.534097 0.074217 0.0 0.0 0.0 0.0 0.0 0.56856 0.0320964 0.0 0.0 0.0 0.0 0.0 0.596889
1300 0.162334 0.0794569 0.00100639 1.48406e-05 0.0 0.0 0.0 0.280203 0.0574326 0.0 0.0 0.0 0.0 0.0 0.528045 0.0437741 0.0 0.0 0.0 0.0 0.0 0.534398 0.0746611 0.0 0.0 0.0 0.0 0.0 0.567798 0.0321046 0.0 0.0 0.0 0.0 0.0 0.600444
1350 0.163735 0.0783009 0.000879365 0.0 0.0 0.0 0.0 0.279476 0.0571577 0.0 0.0 0.0 0.0 0.0 0.527877 0.0436092 0.0 0.0 0.0 0.0 0.0 0.533931 0.0746706 0.0 0.0 0.0 0.0 0.0 0.56991 0.0317612 0.0 0.0 0.0 0.0 0.0 0.599077
1400 0.163873 0.077545 0.000954319 3.63495e-05 0.0 0.0 0.0 0.279271 0.0582628 0.0 0.0 0.0 0.0 0.0 0.527754 0.0437179 0.0 0.0 0.0 0.0 0.0 0.533945 0.0742449 0.0 0.0 0.0 0.0 0.0 0.568515 0.0311332 0.0 0.0 0.0 0.0 0.0 0.599863
