800 198.306 199.038 199.273 199.273 199.273 199.273
850 198.306 199.038 199.273 199.273 199.273 199.273
900 198.306 199.037 199.273 199.273 199.273 199.273
950 198.306 199.038 199.273 199.273 199.273 199.273
973 198.306 199.038 199.273 199.273 199.273 199.273
1000 198.306 199.037 199.273 199.273 199.273 199.273
1050 198.306 199.037 199.273 199.273 199.273 199.273
1100 198.306 199.038 199.273 199.273 199.273 199.273
1150 198.305 199.037 199.273 199.273 199.273 199.273
1200 198.306 199.038 199.273 199.273 199.273 199.273
1250 198.306 199.038 199.273 199.273 199.273 199.273
1300 198.306 199.039 199.273 199.273 199.273 199.273
1350 198.306 199.038 199.273 199.273 199.273 199.273
1400 198.306 199.037 199.273 199.273 199.273 199.273
