800 0.0934029 0.0655562 0.089351 0.198325 0.321703 0.948859
850 0.0924201 0.0672022 0.0887684 0.198292 0.321939 0.937759
900 0.0899707 0.0667086 0.089837 0.197883 0.320807 0.926919
950 0.0941249 0.0667791 0.0891025 0.199815 0.319864 0.930691
973 0.087568 0.0660076 0.0900086 0.198964 0.320072 0.921411
1000 0.089637 0.0662602 0.0901327 0.198918 0.320556 0.92066
1050 0.0913398 0.0662589 0.0897247 0.198299 0.319738 0.911391
1100 0.0866475 0.0665384 0.0898548 0.199162 0.318554 0.899551
1150 0.0918192 0.0672556 0.0895811 0.198752 0.317217 0.898054
1200 0.0904776 0.0666221 0.0899629 0.199177 0.317556 0.891625
1250 0.0868846 0.0671866 0.0899612 0.199331 0.317348 0.885117
1300 0.090283 0.0663636 0.0900677 0.199125 0.318191 0.87693
1350 0.0882192 0.066279 0.0902197 0.199527 0.315716 0.872308
1400 0.0880403 0.0670988 0.0901519 0.199473 0.317161 0.865609
