800 0.0715616 0.0416071 0.0181711 0.0215553 0.0214201 0.0286778
850 0.071136 0.0411961 0.0180222 0.0213645 0.0212561 0.0285625
900 0.0700611 0.0407605 0.0178175 0.0211097 0.0210645 0.028449
950 0.0697385 0.0402791 0.0175975 0.0208992 0.0208441 0.0282608
973 0.0691547 0.0400432 0.0175064 0.0208125 0.0208422 0.0282062
1000 0.0687236 0.0398234 0.0174244 0.0207038 0.0207167 0.028163
1050 0.067854 0.0394604 0.0172209 0.020509 0.0205055 0.0279762
1100 0.0671258 0.0390445 0.0170031 0.0202823 0.0203414 0.0277379
1150 0.0664533 0.0385206 0.016856 0.0201096 0.0201433 0.0274411
1200 0.0658646 0.0381585 0.016639 0.0198709 0.0199276 0.0273785
1250 0.0649261 0.0377541 0.0164476 0.0197204 0.0197187 0.0272561
1300 0.0642152 0.0372539 0.0162826 0.0194525 0.0195282 0.0270935
1350 0.0634605 0.0369232 0.0160797 0.0192378 0.0193455 0.026701
1400 0.0626905 0.0364886 0.0159242 0.0190551 0.0191721 0.0264874
