800 4.94e+18 1.98549e+19 5.04516e+19 3.38296e+19 2.61779e+19 8.73293e+18
850 5.06427e+18 2.04099e+19 5.18452e+19 3.47176e+19 2.67736e+19 8.90432e+18
900 5.16763e+18 2.08594e+19 5.29645e+19 3.55985e+19 2.74733e+19 9.10093e+18
950 5.35579e+18 2.16314e+19 5.49092e+19 3.67529e+19 2.84276e+19 9.28512e+18
973 5.37801e+18 2.1655e+19 5.48732e+19 3.69037e+19 2.85169e+19 9.33539e+18
1000 5.49866e+18 2.21911e+19 5.63471e+19 3.7731e+19 2.90984e+19 9.49176e+18
1050 5.58082e+18 2.26463e+19 5.74089e+19 3.84339e+19 2.97081e+19 9.62825e+18
1100 5.76606e+18 2.32205e+19 5.89398e+19 3.94757e+19 3.05262e+19 9.83159e+18
1150 5.89726e+18 2.39369e+19 6.07464e+19 4.05351e+19 3.14096e+19 1.00912e+19
1200 6.0959e+18 2.45469e+19 6.23866e+19 4.17285e+19 3.22943e+19 1.0306e+19
1250 6.24328e+18 2.51834e+19 6.3834e+19 4.26401e+19 3.30407e+19 1.05003e+19
1300 6.39387e+18 2.58522e+19 6.5867e+19 4.38885e+19 3.40168e+19 1.08413e+19
