800 4.01755e-10 7.80437e-10 2.84239e-09 6.84702e-09 1.61445e-08 1.15928e-07
850 4.01932e-10 7.80454e-10 2.84227e-09 6.84755e-09 1.61352e-08 1.14828e-07
900 4.0183e-10 7.80318e-10 2.84258e-09 6.84618e-09 1.61277e-08 1.12574e-07
950 4.01864e-10 7.80405e-10 2.84188e-09 6.84601e-09 1.61182e-08 1.10955e-07
973 4.01875e-10 7.80439e-10 2.84234e-09 6.84646e-09 1.61173e-08 1.10091e-07
1000 4.01698e-10 7.8046e-10 2.84161e-09 6.84542e-09 1.61163e-08 1.09321e-07
1050 4.01836e-10 7.80403e-10 2.84167e-09 6.84495e-09 1.61074e-08 1.07481e-07
1100 4.01838e-10 7.80349e-10 2.84154e-09 6.84499e-09 1.61008e-08 1.06118e-07
1150 4.01834e-10 7.80444e-10 2.84138e-09 6.84505e-09 1.60939e-08 1.04618e-07
1200 4.01579e-10 7.80381e-10 2.84098e-09 6.84376e-09 1.60895e-08 1.02986e-07
1250 4.01744e-10 7.80426e-10 2.84102e-09 6.84348e-09 1.60843e-08 1.0088e-07
1300 4.01891e-10 7.80309e-10 2.84078e-09 6.8431e-09 1.60795e-08 9.99079e-08
