800 1.6949 1.41006 0.739876 0.232595 0.228961 0.233467
850 1.69587 1.40941 0.739847 0.232651 0.228845 0.233331
900 1.69612 1.4104 0.739959 0.232559 0.228801 0.2332
950 1.69642 1.40955 0.7399 0.232579 0.228684 0.233116
973 1.69787 1.41031 0.739888 0.232607 0.228639 0.233043
1000 1.6965 1.40981 0.739925 0.232593 0.228607 0.233014
1050 1.6935 1.40962 0.739889 0.232565 0.228539 0.232917
1100 1.69487 1.40922 0.739721 0.232521 0.22844 0.232805
1150 1.69401 1.40889 0.73974 0.232513 0.228391 0.232751
1200 1.69581 1.40992 0.739561 0.232531 0.228312 0.232618
1250 1.69262 1.40911 0.739902 0.232439 0.228238 0.23253
1300 1.69397 1.4091 0.739653 0.232447 0.228168 0.232447
