800 1.12472e+21 4.44618e+21 1.10113e+22 7.66164e+21 5.04029e+21 1.30343e+21
850 1.13958e+21 4.5048e+21 1.11549e+22 7.75681e+21 5.09634e+21 1.30781e+21
900 1.15597e+21 4.5699e+21 1.13115e+22 7.85885e+21 5.15015e+21 1.31027e+21
950 1.17208e+21 4.6324e+21 1.14603e+22 7.95628e+21 5.20778e+21 1.31551e+21
973 1.17912e+21 4.65958e+21 1.15283e+22 8.00222e+21 5.23542e+21 1.31847e+21
1000 1.18841e+21 4.69662e+21 1.16141e+22 8.05691e+21 5.26154e+21 1.32041e+21
1050 1.20446e+21 4.75995e+21 1.17687e+22 8.15831e+21 5.32304e+21 1.32685e+21
1100 1.22087e+21 4.82406e+21 1.19264e+22 8.26286e+21 5.38412e+21 1.33318e+21
1150 1.23767e+21 4.88915e+21 1.20825e+22 8.36624e+21 5.44557e+21 1.34065e+21
1200 1.25581e+21 4.96069e+21 1.2254e+22 8.47511e+21 5.5033e+21 1.34614e+21
1250 1.27388e+21 5.0294e+21 1.24189e+22 8.58385e+21 5.56683e+21 1.35401e+21
1300 1.29087e+21 5.09793e+21 1.25839e+22 8.6924e+21 5.6329e+21 1.36207e+21
