800 1.47667e+19 9.28228e+19 3.79826e+20 3.76775e+20 4.01275e+20 2.84262e+20
850 1.52253e+19 9.56155e+19 3.90981e+20 3.87683e+20 4.12023e+20 2.8768e+20
900 1.56722e+19 9.87958e+19 4.03964e+20 4.00064e+20 4.23598e+20 2.91071e+20
950 1.6209e+19 1.01935e+20 4.16785e+20 4.12598e+20 4.3585e+20 2.95116e+20
973 1.63906e+19 1.02985e+20 4.21381e+20 4.17062e+20 4.40193e+20 2.96122e+20
1000 1.67218e+19 1.04868e+20 4.28593e+20 4.23541e+20 4.46561e+20 2.98313e+20
1050 1.72557e+19 1.08446e+20 4.4294e+20 4.37746e+20 4.5991e+20 3.02629e+20
1100 1.78003e+19 1.11832e+20 4.56682e+20 4.50867e+20 4.73213e+20 3.07374e+20
1150 1.84198e+19 1.15322e+20 4.71232e+20 4.65193e+20 4.87242e+20 3.12266e+20
1200 1.89317e+19 1.18969e+20 4.85899e+20 4.78824e+20 5.00077e+20 3.15949e+20
1250 1.95675e+19 1.23038e+20 5.01525e+20 4.93917e+20 5.14427e+20 3.21263e+20
1300 2.01956e+19 1.27068e+20 5.18521e+20 5.09978e+20 5.29826e+20 3.26454e+20
