800 0.0031774 0.369628 0.60167 0.0189351 0.00586558 0.000723849
850 0.00439609 0.378253 0.595285 0.0198836 0.00145836 0.000724493
900 0.00408418 0.37559 0.598707 0.017621 0.00300253 0.000994557
950 0.000771142 0.355551 0.617071 0.0207428 0.00514099 0.00072324
973 0.00486371 0.353079 0.608315 0.0289248 0.00410809 0.000709372
1000 0.00247399 0.379188 0.587758 0.0260184 0.00420088 0.000360442
1050 0.00426895 0.377405 0.589469 0.0270374 0.00182007 0.0
1100 0.0050578 0.358079 0.599969 0.0305138 0.00637983 0.0
1150 0.00414989 0.325626 0.639362 0.0270826 0.00328955 0.000489706
1200 0.00306201 0.357961 0.603579 0.0316103 0.00349666 0.000291043
1250 0.00119406 0.36677 0.60418 0.0271674 0.00068818 0.0
1300 0.00225464 0.38589 0.578604 0.0276846 0.00509447 0.000472427
