800 0.0714363 0.0415387 0.0181585 0.021486 0.0214013 0.0285431
850 0.0708026 0.0410463 0.018002 0.0212611 0.0211791 0.028466
900 0.0701762 0.0407077 0.0177741 0.0210575 0.0210762 0.0282487
950 0.0695974 0.0402926 0.0176114 0.0208707 0.0208031 0.0282575
973 0.0690448 0.0400318 0.0174896 0.0208057 0.0207094 0.027915
1000 0.0685195 0.0398178 0.0174113 0.0206645 0.0205963 0.0280117
1050 0.0679542 0.0393715 0.0172025 0.0204953 0.0204506 0.0278463
1100 0.0671418 0.0390618 0.0170226 0.0202588 0.0202512 0.027695
1150 0.066473 0.0385278 0.0167979 0.0200537 0.0200944 0.0274157
1200 0.0656964 0.0380481 0.0166281 0.0198189 0.0198703 0.027197
1250 0.0649243 0.0377409 0.0164605 0.0196448 0.0196861 0.0269677
1300 0.0642146 0.0373505 0.0162992 0.0193725 0.0194139 0.0267359
