800 7.22626e+16 3.64758e+17 8.24147e+17 4.81922e+17 4.43001e+17 1.39339e+17
850 7.78888e+16 3.96231e+17 8.8084e+17 5.13838e+17 4.69557e+17 1.44906e+17
900 7.78832e+16 4.10369e+17 9.14435e+17 5.40114e+17 5.01212e+17 1.52312e+17
950 8.51095e+16 4.366e+17 9.77281e+17 5.78585e+17 5.34393e+17 1.59851e+17
973 8.42814e+16 4.43125e+17 1.00534e+18 5.92742e+17 5.44479e+17 1.62976e+17
1000 8.89235e+16 4.53808e+17 1.03523e+18 6.15796e+17 5.60451e+17 1.66563e+17
1050 9.34245e+16 4.84305e+17 1.08747e+18 6.48918e+17 5.96577e+17 1.754e+17
1100 9.66071e+16 5.1193e+17 1.15897e+18 6.86445e+17 6.41204e+17 1.83063e+17
1150 1.04632e+17 5.40948e+17 1.22711e+18 7.38265e+17 6.79531e+17 1.93156e+17
1200 1.0452e+17 5.60898e+17 1.29748e+18 7.81538e+17 7.1654e+17 2.02162e+17
1250 1.18521e+17 6.09203e+17 1.38916e+18 8.37055e+17 7.61963e+17 2.10278e+17
1300 1.22957e+17 6.36455e+17 1.46823e+18 8.90189e+17 8.14989e+17 2.22073e+17
