800 2.42672 2.23994 2.17896 2.17118 2.17089 0.0
850 2.42572 2.23993 2.17897 2.17118 2.17089 0.0
900 2.42645 2.23994 2.17896 2.17118 2.17089 0.0
950 2.42641 2.23993 2.17897 2.17118 2.17089 0.0
973 2.42609 2.23994 2.17896 2.17118 2.17089 0.0
1000 2.4276 2.23996 2.17897 2.17118 2.17089 0.0
1050 2.4256 2.23993 2.17897 2.17118 2.17089 0.0
1100 2.42657 2.23996 2.17897 2.17118 2.17089 0.0
1150 2.42641 2.23997 2.17897 2.17118 2.17089 0.0
1200 2.42773 2.23995 2.17897 2.17118 2.17089 0.0
1250 2.42669 2.23994 2.17897 2.17118 2.17089 0.0
1300 2.42663 2.23994 2.17897 2.17118 2.17089 0.0
