800 198.299 199.034 199.273 199.273 199.273 199.273
850 198.298 199.035 199.273 199.273 199.273 199.273
900 198.298 199.034 199.273 199.273 199.273 199.273
950 198.298 199.035 199.273 199.273 199.273 199.273
973 198.299 199.034 199.273 199.273 199.273 199.273
1000 198.298 199.035 199.273 199.273 199.273 199.273
1050 198.298 199.035 199.273 199.273 199.273 199.273
1100 198.298 199.035 199.273 199.273 199.273 199.273
1150 198.299 199.035 199.273 199.273 199.273 199.273
1200 198.298 199.035 199.273 199.273 199.273 199.273
1250 198.298 199.035 199.273 199.273 199.273 199.273
1300 198.298 199.035 199.273 199.273 199.273 199.273
