800 0.00023218 0.0004686 0.000369974 0.000639103 0.00102839 0.000141594 0.000175043 7.74119e-05
850 0.000227639 0.000468114 0.000388278 0.000648748 0.000964723 0.000127523 0.000178565 3.71192e-05
900 0.000227209 0.000529735 0.000478853 0.000686952 0.00101434 0.000180502 0.000188399 3.14936e-05
950 0.000248606 0.000493204 0.000389269 0.000628835 0.00102698 0.000130529 0.000152967 2.01555e-05
973 0.000172989 0.000500262 0.000471827 0.000654556 0.000899587 0.000144171 0.000204963 3.2143e-05
1000 0.000229106 0.000572101 0.000359304 0.000661334 0.000975662 0.000123082 0.00021004 3.20311e-05
1050 0.000300193 0.000412764 0.000391535 0.00059477 0.000876028 0.000149209 0.000212879 6.03821e-05
1100 0.000220143 0.000544073 0.000355364 0.000540391 0.000974981 0.000162269 0.000232982 4.59256e-05
1150 0.00025716 0.000398914 0.000374571 0.000627529 0.00105582 0.000159004 0.000167955 2.95301e-05
1200 0.000190937 0.000412886 0.00038978 0.00062832 0.000862702 0.00016524 0.000209735 3.64927e-05
1250 0.000251999 0.000350902 0.000387158 0.000668651 0.000988251 0.000127595 0.000229719 4.55728e-05
1300 0.000267116 0.000461731 0.000390114 0.000633088 0.000981356 0.000102721 0.000183949 7.57143e-05
