800 0.0930118 0.0677112 0.0888285 0.198731 0.320752 0.947897
850 0.0922557 0.0666328 0.0891014 0.197836 0.320259 0.945075
900 0.0929339 0.0661698 0.0891033 0.199527 0.319064 0.928836
950 0.0941784 0.0665923 0.089747 0.198157 0.319071 0.925613
973 0.0933594 0.0677428 0.0886555 0.19899 0.318987 0.919958
1000 0.092036 0.0664794 0.0891783 0.198137 0.320621 0.917608
1050 0.0900732 0.0666636 0.0890606 0.198736 0.319958 0.910374
1100 0.0919684 0.0666345 0.0895468 0.199847 0.319626 0.903201
1150 0.0889245 0.0671335 0.0899423 0.198411 0.3184 0.893781
1200 0.0918335 0.0675111 0.0901691 0.199244 0.31804 0.889501
1250 0.0890779 0.0664108 0.0893995 0.198737 0.316692 0.884165
1300 0.0874594 0.066564 0.0900562 0.199488 0.315867 0.873373
