800 0.136289 0.0604031 0.00696193 5.13155e-05 2.65988e-06 0.0 0.0 0.222855 0.0391176 6.26269e-05 5.10106e-06 0.0 0.0 0.0 0.35705 0.0144205 2.87068e-05 1.51824e-06 0.0 0.0 0.0 0.272241 0.0142633 0.0 0.0 0.0 0.0 0.0 0.284735 0.00801586 0.0 0.0 0.0 0.0 0.0 0.288812
850 0.134719 0.0597575 0.00700274 3.55778e-05 3.08138e-06 0.0 0.0 0.220656 0.0386688 6.34425e-05 5.19563e-06 1.44913e-07 0.0 0.0 0.353412 0.0143063 3.00015e-05 1.61198e-06 0.0 0.0 0.0 0.26942 0.0141857 0.0 0.0 0.0 0.0 0.0 0.282064 0.00795437 0.0 0.0 0.0 0.0 0.0 0.2861
900 0.1332 0.0593016 0.00688184 4.2469e-05 1.74204e-06 4.2914e-07 0.0 0.218189 0.0383426 5.74196e-05 4.71425e-06 1.13785e-07 0.0 0.0 0.349869 0.0141337 2.68247e-05 1.38579e-06 0.0 0.0 0.0 0.266887 0.0139974 0.0 0.0 0.0 0.0 0.0 0.279389 0.00788526 0.0 0.0 0.0 0.0 0.0 0.28357
950 0.131685 0.0589236 0.00668269 3.21774e-05 2.35452e-06 0.0 0.0 0.215917 0.0379328 6.0652e-05 4.33155e-06 1.93503e-07 0.0 0.0 0.346274 0.0139904 2.80383e-05 1.4476e-06 0.0 0.0 0.0 0.264043 0.0138561 0.0 0.0 0.0 0.0 0.0 0.276685 0.00779972 0.0 0.0 0.0 0.0 0.0 0.280656
973 0.131278 0.0583044 0.00679575 4.84916e-05 2.79156e-06 0.0 0.0 0.214849 0.0377057 5.62789e-05 4.18922e-06 6.00413e-07 0.0 0.0 0.344536 0.0139115 2.97743e-05 1.55182e-06 0.0 0.0 0.0 0.262715 0.0138497 0.0 0.0 0.0 0.0 0.0 0.275354 0.00775039 0.0 0.0 0.0 0.0 0.0 0.279647
1000 0.130612 0.0580072 0.00665977 5.01476e-05 2.17965e-06 0.0 0.0 0.21369 0.0375225 6.06593e-05 4.37932e-06 2.16536e-07 0.0 0.0 0.342601 0.0138375 2.86078e-05 1.79971e-06 0.0 0.0 0.0 0.261451 0.0137319 0.0 0.0 0.0 0.0 0.0 0.273995 0.00767674 0.0 0.0 0.0 0.0 0.0 0.27812
1050 0.128996 0.0573866 0.00668021 4.62366e-05 3.00451e-06 0.0 0.0 0.211387 0.0370704 5.29088e-05 4.73639e-06 1.96205e-07 0.0 0.0 0.338979 0.0136678 2.76076e-05 1.27993e-06 0.0 0.0 0.0 0.258566 0.013628 0.0 0.0 0.0 0.0 0.0 0.271165 0.00760038 0.0 0.0 0.0 0.0 0.0 0.275275
1100 0.127659 0.0568187 0.00647788 4.26293e-05 2.726e-06 0.0 0.0 0.209003 0.0367894 6.1794e-05 5.21003e-06 8.63172e-08 0.0 0.0 0.335325 0.0135195 2.74649e-05 1.41466e-06 0.0 0.0 0.0 0.255768 0.0134456 0.0 0.0 0.0 0.0 0.0 0.268365 0.00751339 0.0 0.0 0.0 0.0 0.0 0.272499
1150 0.126229 0.0562325 0.00649631 3.55797e-05 4.09329e-06 0.0 0.0 0.20682 0.0362731 5.93748e-05 5.3883e-06 3.3414e-07 0.0 0.0 0.331729 0.0133427 2.58675e-05 1.43711e-06 0.0 0.0 0.0 0.252917 0.0133302 0.0 0.0 0.0 0.0 0.0 0.265526 0.00748386 0.0 0.0 0.0 0.0 0.0 0.269844
1200 0.124853 0.0555219 0.00639648 4.04479e-05 1.96772e-06 0.0 0.0 0.204562 0.035822 5.59754e-05 3.79804e-06 0.0 0.0 0.0 0.328102 0.0132083 2.66226e-05 1.11625e-06 0.0 0.0 0.0 0.250466 0.0131664 0.0 0.0 0.0 0.0 0.0 0.262855 0.00736324 0.0 0.0 0.0 0.0 0.0 0.267059
1250 0.123463 0.0548319 0.00634259 3.47264e-05 2.93563e-06 0.0 0.0 0.202145 0.0355493 5.59918e-05 5.49529e-06 8.51629e-08 0.0 0.0 0.324423 0.0130907 2.73307e-05 1.22558e-06 0.0 0.0 0.0 0.24759 0.0130861 0.0 0.0 0.0 0.0 0.0 0.260015 0.00728946 0.0 0.0 0.0 0.0 0.0 0.264323
1300 0.121981 0.0542812 0.0062315 3.94516e-05 9.97885e-07 0.0 0.0 0.199801 0.0351605 5.9547e-05 4.2124e-06 0.0 0.0 0.0 0.320689 0.0129511 2.6338e-05 1.88127e-06 0.0 0.0 0.0 0.244847 0.0128927 0.0 0.0 0.0 0.0 0.0 0.257249 0.00718001 0.0 0.0 0.0 0.0 0.0 0.261522
