800 3.98796e-10 7.52955e-10 2.69558e-09 6.64753e-09 1.52794e-08 4.2589e-08
850 3.98789e-10 7.5295e-10 2.69542e-09 6.64741e-09 1.52742e-08 4.25121e-08
900 3.98801e-10 7.52945e-10 2.69531e-09 6.64682e-09 1.52691e-08 4.24229e-08
950 3.9878e-10 7.52944e-10 2.69505e-09 6.64668e-09 1.52645e-08 4.23475e-08
973 3.98798e-10 7.52944e-10 2.69494e-09 6.64666e-09 1.52623e-08 4.23105e-08
1000 3.98808e-10 7.52928e-10 2.69486e-09 6.64617e-09 1.52599e-08 4.22802e-08
1050 3.98768e-10 7.52937e-10 2.69464e-09 6.6461e-09 1.52557e-08 4.21985e-08
1100 3.98785e-10 7.52917e-10 2.69453e-09 6.64611e-09 1.52522e-08 4.21293e-08
1150 3.98775e-10 7.52906e-10 2.69433e-09 6.64603e-09 1.52482e-08 4.20689e-08
1200 3.98775e-10 7.52918e-10 2.69417e-09 6.64523e-09 1.5245e-08 4.20005e-08
1250 3.98764e-10 7.52867e-10 2.69392e-09 6.64511e-09 1.52416e-08 4.19326e-08
1300 3.98784e-10 7.52887e-10 2.69366e-09 6.6451e-09 1.52381e-08 4.18859e-08
