800 0.00221195 0.00154873 0.00173981 0.00266949 0.0054858 0.0139047
850 0.00219146 0.00153216 0.00172181 0.00264369 0.00542725 0.01372
900 0.0021677 0.0015168 0.00170372 0.00261641 0.00537465 0.0135504
950 0.00214449 0.00150065 0.00168584 0.00258883 0.00531743 0.0134024
973 0.0021331 0.00149345 0.00167757 0.00257674 0.00529052 0.013341
1000 0.00212133 0.0014849 0.00166803 0.00256249 0.00525988 0.0132514
1050 0.00209974 0.0014684 0.00164987 0.00253477 0.00520437 0.0130279
1100 0.00207606 0.00145273 0.00163169 0.00250706 0.00514838 0.012875
1150 0.00205174 0.00143628 0.00161382 0.00247985 0.00509256 0.0127507
1200 0.00203038 0.00142053 0.00159593 0.00245215 0.00503807 0.0125714
1250 0.00200734 0.00140455 0.00157805 0.00242525 0.00497997 0.0124101
1300 0.00198518 0.00138865 0.0015601 0.00239762 0.00492647 0.0122701
