800 0.315277 0.537056 0.14551 0.00197465 0.000182232 0.0
850 0.314292 0.535528 0.147826 0.00210917 0.000209053 3.63223e-05
900 0.314514 0.535678 0.147007 0.00268399 0.000116183 0.0
950 0.315105 0.5352 0.14668 0.00268677 0.000327772 0.0
973 0.314126 0.530682 0.152577 0.00241112 0.000165824 3.81568e-05
1000 0.316472 0.527902 0.153224 0.00203432 0.000333715 3.35744e-05
1050 0.319645 0.530642 0.147278 0.00225167 0.000183317 0.0
1100 0.309069 0.540583 0.147496 0.00248986 0.000325816 3.72711e-05
1150 0.315706 0.530771 0.15099 0.00237612 0.000157635 0.0
1200 0.314917 0.535549 0.146866 0.00231499 0.000309248 4.40637e-05
1250 0.310148 0.533952 0.153163 0.00236622 0.000337658 3.31209e-05
1300 0.319199 0.52783 0.150769 0.00193552 0.000196487 7.03029e-05
