800 0.0736598 0.0463677 0.0203741 0.0213382 0.0179588 0.0127855
850 0.0729011 0.0458211 0.020148 0.0211233 0.0178027 0.0128076
900 0.0721139 0.0453626 0.0199453 0.0209027 0.0176385 0.012852
950 0.0713526 0.0448856 0.0197225 0.0206719 0.0174742 0.0128627
973 0.0710182 0.044647 0.0196328 0.0205798 0.0173933 0.012879
1000 0.0705271 0.044444 0.0195163 0.0204733 0.0173077 0.0128924
1050 0.0697091 0.0439279 0.0193026 0.0202255 0.0171442 0.0129115
1100 0.0691306 0.0434423 0.0190899 0.0200124 0.0169693 0.0128976
1150 0.0681706 0.0430013 0.0188796 0.019778 0.0167879 0.012896
1200 0.0675534 0.0425247 0.0186635 0.019572 0.0166249 0.0129132
1250 0.0666322 0.0419949 0.0184495 0.0193498 0.0164637 0.0128925
1300 0.0660829 0.0415389 0.0182372 0.0191126 0.0162814 0.012872
