800 0.210896 0.0744731 0.0158276 0.000134732 1.71585e-05 1.74052e-06 0.0 0.267262 0.0185253 8.72217e-05 1.24817e-05 1.05996e-06 0.0 0.0 0.51581 0.00880106 1.92138e-05 5.05444e-07 0.0 0.0 0.0 1.51328 0.0308751 0.0 0.0 0.0 0.0 0.0 1.49582 0.0152934 0.0 0.0 0.0 0.0 0.0 1.41449
850 0.210885 0.07453 0.0158504 0.000147653 1.84991e-05 2.41846e-06 0.0 0.267355 0.0185248 8.72018e-05 1.22291e-05 1.13163e-06 0.0 0.0 0.515846 0.00879583 2.02112e-05 5.44571e-07 0.0 0.0 0.0 1.51317 0.0308617 1.30012e-08 0.0 0.0 0.0 0.0 1.49631 0.015296 0.0 0.0 0.0 0.0 0.0 1.41512
900 0.210733 0.07463 0.0158383 0.000139436 1.47453e-05 1.8467e-06 0.0 0.267315 0.0185158 8.75331e-05 1.22081e-05 9.5109e-07 0.0 0.0 0.515808 0.00879479 2.02476e-05 5.17267e-07 0.0 0.0 0.0 1.51364 0.0308379 0.0 0.0 0.0 0.0 0.0 1.49674 0.0152479 0.0 0.0 0.0 0.0 0.0 1.41557
950 0.211028 0.0744471 0.015752 0.00013999 1.86015e-05 9.89528e-07 0.0 0.267345 0.0185274 8.78495e-05 1.1425e-05 9.72608e-07 0.0 0.0 0.515816 0.00878575 2.03589e-05 4.64653e-07 0.0 0.0 0.0 1.51348 0.0308333 1.19121e-08 0.0 0.0 0.0 0.0 1.4973 0.0152333 0.0 0.0 0.0 0.0 0.0 1.41615
973 0.210993 0.0743422 0.0159001 0.000133329 1.27328e-05 1.10265e-06 0.0 0.267312 0.0185367 8.74733e-05 1.14892e-05 1.25961e-06 0.0 0.0 0.515799 0.00879376 1.96081e-05 5.38903e-07 0.0 0.0 0.0 1.51342 0.0308146 1.14129e-08 0.0 0.0 0.0 0.0 1.49743 0.0152314 0.0 0.0 0.0 0.0 0.0 1.41635
1000 0.210945 0.074378 0.0158793 0.000132553 1.52236e-05 6.67204e-07 0.0 0.267349 0.0185302 8.88212e-05 1.16772e-05 1.10875e-06 0.0 0.0 0.515752 0.00878096 2.00681e-05 4.92622e-07 0.0 0.0 0.0 1.51347 0.0308254 2.30774e-08 0.0 0.0 0.0 0.0 1.49776 0.0152216 0.0 0.0 0.0 0.0 0.0 1.41651
1050 0.210771 0.0745752 0.0159196 0.000134623 1.60518e-05 2.13696e-06 0.0 0.267347 0.0185419 8.50583e-05 1.18213e-05 1.03108e-06 0.0 0.0 0.515811 0.00878313 1.97811e-05 5.33332e-07 0.0 0.0 0.0 1.51368 0.0308229 0.0 0.0 0.0 0.0 0.0 1.49825 0.0151963 0.0 0.0 0.0 0.0 0.0 1.41722
1100 0.210881 0.0744502 0.0158481 0.00014244 1.40986e-05 2.79279e-06 0.0 0.267449 0.018512 8.43765e-05 1.17743e-05 1.19568e-06 0.0 0.0 0.515903 0.00878845 1.95988e-05 5.67453e-07 0.0 0.0 0.0 1.51383 0.030824 0.0 0.0 0.0 0.0 0.0 1.49875 0.0151798 0.0 0.0 0.0 0.0 0.0 1.41765
1150 0.210875 0.0744649 0.0158683 0.00014689 1.64932e-05 1.67833e-06 0.0 0.267399 0.0185323 8.61962e-05 1.15063e-05 9.57499e-07 0.0 0.0 0.515912 0.00878443 2.01221e-05 5.25305e-07 0.0 0.0 0.0 1.51379 0.0308316 3.2584e-08 0.0 0.0 0.0 0.0 1.49918 0.0151627 0.0 0.0 0.0 0.0 0.0 1.41815
1200 0.210834 0.0744141 0.0158935 0.00014101 1.4972e-05 2.25089e-06 0.0 0.267409 0.0185194 8.76879e-05 1.15627e-05 8.78675e-07 0.0 0.0 0.515963 0.00879109 1.9868e-05 5.15724e-07 0.0 0.0 0.0 1.5138 0.0308021 2.16534e-08 0.0 0.0 0.0 0.0 1.49951 0.0151487 0.0 0.0 0.0 0.0 0.0 1.41856
1250 0.21076 0.0745695 0.0158468 0.000144316 1.58781e-05 1.16423e-06 0.0 0.267428 0.01857 8.83692e-05 1.21326e-05 1.15379e-06 0.0 0.0 0.515799 0.00876519 1.9964e-05 4.04517e-07 0.0 0.0 0.0 1.51425 0.0308172 3.10179e-08 0.0 0.0 0.0 0.0 1.49994 0.0151318 0.0 0.0 0.0 0.0 0.0 1.4189
1300 0.210882 0.0744167 0.0158981 0.000133925 1.5584e-05 2.06574e-06 0.0 0.26747 0.0185347 8.70296e-05 1.16705e-05 9.30922e-07 0.0 0.0 0.515961 0.0087756 1.97573e-05 5.6285e-07 0.0 0.0 0.0 1.51428 0.0308211 0.0 0.0 0.0 0.0 0.0 1.50039 0.0151014 0.0 0.0 0.0 0.0 0.0 1.41947
