800 0.13614 0.0605223 0.00694531 4.2225e-05 3.1164e-06 1.56387e-07 0.0 0.222954 0.038504 6.32721e-05 4.50956e-06 1.48225e-07 0.0 0.0 0.354377 0.014478 2.84243e-05 1.49364e-06 0.0 0.0 0.0 0.272964 0.0132749 0.0 0.0 0.0 0.0 0.0 0.2855 0.0070057 0.0 0.0 0.0 0.0 0.0 0.288537
850 0.134717 0.0599044 0.00687487 4.13389e-05 2.97642e-06 1.18143e-07 0.0 0.22065 0.0381101 6.2507e-05 4.434e-06 1.51814e-07 0.0 0.0 0.350738 0.0143256 2.81203e-05 1.51073e-06 0.0 0.0 0.0 0.270153 0.0131373 0.0 0.0 0.0 0.0 0.0 0.282741 0.00691454 0.0 0.0 0.0 0.0 0.0 0.285861
900 0.133316 0.0592838 0.00681167 4.11929e-05 2.92089e-06 1.49959e-07 0.0 0.218354 0.0377117 6.18184e-05 4.45762e-06 1.30764e-07 0.0 0.0 0.34712 0.0141739 2.77282e-05 1.46103e-06 0.0 0.0 0.0 0.267594 0.012992 0.0 0.0 0.0 0.0 0.0 0.280109 0.00682556 0.0 0.0 0.0 0.0 0.0 0.283143
950 0.131921 0.05865 0.00673649 4.06546e-05 3.04298e-06 1.14593e-07 0.0 0.216064 0.0373059 6.12531e-05 4.41152e-06 1.68942e-07 0.0 0.0 0.343481 0.01402 2.76234e-05 1.48826e-06 0.0 0.0 0.0 0.264778 0.0128543 0.0 0.0 0.0 0.0 0.0 0.277327 0.0067382 0.0 0.0 0.0 0.0 0.0 0.280431
973 0.131276 0.0583583 0.00670997 4.11226e-05 3.11656e-06 1.4964e-07 0.0 0.215 0.037126 6.13557e-05 4.47162e-06 1.47415e-07 0.0 0.0 0.341807 0.0139497 2.73673e-05 1.44842e-06 0.0 0.0 0.0 0.263483 0.0127904 0.0 0.0 0.0 0.0 0.0 0.276038 0.00669864 0.0 0.0 0.0 0.0 0.0 0.279181
1000 0.13054 0.0580286 0.00666313 4.06193e-05 2.96003e-06 1.48138e-07 0.0 0.21379 0.0369096 6.07776e-05 4.23651e-06 1.59458e-07 0.0 0.0 0.339903 0.0138691 2.73671e-05 1.44939e-06 0.0 0.0 0.0 0.262204 0.0127111 0.0 0.0 0.0 0.0 0.0 0.274681 0.00665308 0.0 0.0 0.0 0.0 0.0 0.277769
1050 0.1291 0.0574048 0.00659112 3.9779e-05 3.02093e-06 1.16072e-07 0.0 0.211465 0.036512 5.99098e-05 4.36461e-06 1.45956e-07 0.0 0.0 0.336221 0.0137143 2.69055e-05 1.41982e-06 0.0 0.0 0.0 0.259354 0.012572 0.0 0.0 0.0 0.0 0.0 0.271847 0.00656942 0.0 0.0 0.0 0.0 0.0 0.274972
1100 0.1277 0.0567813 0.00652737 3.92183e-05 2.81211e-06 1.53294e-07 0.0 0.209165 0.0361166 5.93081e-05 4.35248e-06 1.36517e-07 0.0 0.0 0.33258 0.0135614 2.66397e-05 1.41487e-06 0.0 0.0 0.0 0.256537 0.0124333 0.0 0.0 0.0 0.0 0.0 0.269031 0.00648265 0.0 0.0 0.0 0.0 0.0 0.272207
1150 0.12631 0.0561415 0.00645625 3.89293e-05 2.8639e-06 1.41209e-07 0.0 0.206867 0.0357155 5.87501e-05 4.18144e-06 1.4093e-07 0.0 0.0 0.328941 0.0134098 2.6379e-05 1.39187e-06 0.0 0.0 0.0 0.253721 0.0122947 0.0 0.0 0.0 0.0 0.0 0.266201 0.00640199 0.0 0.0 0.0 0.0 0.0 0.269461
1200 0.124908 0.0555242 0.00637174 3.88298e-05 2.80115e-06 1.20552e-07 0.0 0.204571 0.0353185 5.76997e-05 4.14128e-06 1.44127e-07 0.0 0.0 0.325324 0.0132568 2.61484e-05 1.3875e-06 0.0 0.0 0.0 0.251209 0.0121495 0.0 0.0 0.0 0.0 0.0 0.263558 0.00631813 0.0 0.0 0.0 0.0 0.0 0.266664
1250 0.123504 0.0548933 0.00630542 3.84268e-05 2.79947e-06 1.22513e-07 0.0 0.202274 0.0349136 5.69329e-05 4.08992e-06 1.43817e-07 0.0 0.0 0.321689 0.0131035 2.58171e-05 1.36744e-06 0.0 0.0 0.0 0.248393 0.0120092 0.0 0.0 0.0 0.0 0.0 0.260714 0.00623786 0.0 0.0 0.0 0.0 0.0 0.263878
1300 0.122093 0.0542821 0.00623496 3.72394e-05 2.75799e-06 1.21765e-07 0.0 0.199978 0.0345175 5.69296e-05 4.04992e-06 1.34789e-07 0.0 0.0 0.318049 0.0129512 2.55008e-05 1.36695e-06 0.0 0.0 0.0 0.245572 0.0118715 0.0 0.0 0.0 0.0 0.0 0.257868 0.00615503 0.0 0.0 0.0 0.0 0.0 0.261092
