800 0.0715376 0.0409315 0.0182112 0.0204183 0.0200061 0.0269998
850 0.0708111 0.0405149 0.01802 0.0202069 0.0198205 0.0268551
900 0.0700786 0.0400886 0.0178298 0.0200044 0.0196484 0.0267371
950 0.0693243 0.0396589 0.0176387 0.019793 0.0194593 0.0265831
973 0.0689905 0.03947 0.0175494 0.0196932 0.0193714 0.0265075
1000 0.0685946 0.0392404 0.0174503 0.0195869 0.0192841 0.0264182
1050 0.0678628 0.0388167 0.0172568 0.0193724 0.0190855 0.0262618
1100 0.0671264 0.0383941 0.0170641 0.0191595 0.018896 0.026089
1150 0.066371 0.0379699 0.0168724 0.0189471 0.0187036 0.0259128
1200 0.0656337 0.0375472 0.0166822 0.0187451 0.0185226 0.0257376
1250 0.0648956 0.037117 0.0164911 0.0185295 0.0183278 0.0255535
1300 0.0641682 0.0366962 0.0162986 0.0183174 0.0181277 0.0253605
