800 0.000364289 0.00118861 0.00113854 0.00203757 0.00653611 0.00201317 0.00173048 0.000722206
850 0.000467296 0.00206449 0.00113102 0.00254392 0.0060778 0.00194672 0.00190214 0.000432759
900 0.000492164 0.00155519 0.00124781 0.00211971 0.00507345 0.00204376 0.00210079 0.000587585
950 0.000688842 0.00160595 0.00100273 0.002169 0.00644083 0.00256897 0.00225318 0.000654899
973 0.000320269 0.000818362 0.00154655 0.00277214 0.00667221 0.00221396 0.00237902 0.000597885
1000 0.000433525 0.00157693 0.00128833 0.0024568 0.00686914 0.00225503 0.00328962 0.000516729
1050 0.000580289 0.00110479 0.00123049 0.00260231 0.00526091 0.00232498 0.00141791 0.000380865
1100 0.000554646 0.00154769 0.000883595 0.0030018 0.00467781 0.00277121 0.0022254 0.000636027
1150 0.000590539 0.00133408 0.00128606 0.00170807 0.00681861 0.00219937 0.00242757 0.000850861
1200 0.000586485 0.00146314 0.00142195 0.00315864 0.00699967 0.00252894 0.00181508 0.000361545
1250 0.000285698 0.00124528 0.00114213 0.00190638 0.00606398 0.00277731 0.00263406 0.000222453
1300 0.000660255 0.000928092 0.00179214 0.00188016 0.0054478 0.00249258 0.00167811 0.000323924
