800 2.73519 2.56147 2.49947 2.49205 2.4902 2.49124
850 2.73517 2.56147 2.49947 2.49205 2.49019 2.49125
900 2.73518 2.56147 2.49948 2.49205 2.49019 2.49126
950 2.73526 2.56147 2.49948 2.49205 2.49019 2.49127
973 2.73516 2.56147 2.49948 2.49205 2.49019 2.49128
1000 2.7351 2.56147 2.49948 2.49205 2.49019 2.49128
1050 2.7353 2.56147 2.49948 2.49205 2.49019 2.49129
1100 2.73517 2.56147 2.49948 2.49205 2.49019 2.4913
1150 2.7352 2.56147 2.49948 2.49205 2.49019 2.49131
1200 2.73523 2.56147 2.49948 2.49205 2.49019 2.49132
1250 2.73527 2.56147 2.49949 2.49205 2.49019 2.49133
1300 2.73521 2.56147 2.49949 2.49205 2.49019 2.49133
