800 3.98811e-10 7.552e-10 2.6823e-09 6.71947e-09 1.5636e-08 4.58014e-08
850 3.98508e-10 7.55355e-10 2.68191e-09 6.72185e-09 1.56417e-08 4.54918e-08
900 3.98674e-10 7.55068e-10 2.68099e-09 6.72296e-09 1.56384e-08 4.54539e-08
950 3.98684e-10 7.55228e-10 2.68139e-09 6.72345e-09 1.56385e-08 4.532e-08
973 3.98835e-10 7.55041e-10 2.68136e-09 6.72313e-09 1.56411e-08 4.53644e-08
1000 3.98626e-10 7.55095e-10 2.68082e-09 6.72582e-09 1.56367e-08 4.53184e-08
1050 3.98562e-10 7.55243e-10 2.68069e-09 6.72604e-09 1.56362e-08 4.49559e-08
1100 3.98495e-10 7.55238e-10 2.67925e-09 6.72536e-09 1.56364e-08 4.49272e-08
1150 3.98729e-10 7.55533e-10 2.67974e-09 6.7272e-09 1.56415e-08 4.49802e-08
1200 3.98698e-10 7.55285e-10 2.67967e-09 6.72632e-09 1.56411e-08 4.47666e-08
1250 3.98485e-10 7.55373e-10 2.68004e-09 6.72768e-09 1.56403e-08 4.47397e-08
1300 3.9835e-10 7.55358e-10 2.6799e-09 6.72872e-09 1.56452e-08 4.47266e-08
