800 0.0715536 0.0415688 0.0181285 0.0215758 0.0213728 0.0285338
850 0.0710257 0.0411673 0.017955 0.0213273 0.0212491 0.028457
900 0.0700366 0.0406783 0.0177481 0.0210717 0.021032 0.0281924
950 0.069465 0.0402614 0.0175786 0.020899 0.0208349 0.0281947
973 0.0691903 0.0399981 0.01754 0.0208073 0.0207738 0.0280024
1000 0.0687546 0.0397781 0.0174218 0.0207053 0.0206589 0.0279115
1050 0.0678779 0.0393833 0.0171825 0.0205028 0.0204538 0.027851
1100 0.0668046 0.0390781 0.0170261 0.0203153 0.0203077 0.0275528
1150 0.0665033 0.038501 0.0168279 0.020075 0.0200598 0.0274991
1200 0.0656572 0.0381409 0.0166459 0.0198626 0.0198746 0.0272609
1250 0.0647053 0.0376655 0.0164547 0.0196904 0.0196908 0.0270836
1300 0.0642306 0.0373915 0.0162503 0.0194646 0.0195121 0.0268226
