800 0.00353981 0.386033 0.577668 0.0241316 0.00862754 0.0
850 0.00496637 0.366882 0.602193 0.0243812 0.00108536 0.000492281
900 0.00117501 0.358059 0.607989 0.0286391 0.00413821 0.0
950 0.000572882 0.369676 0.598918 0.0294097 0.00142299 0.0
973 0.00583846 0.370638 0.598536 0.023551 0.0014362 0.0
1000 0.00525339 0.350605 0.622083 0.0170848 0.00390069 0.00107334
1050 0.00481336 0.375449 0.596744 0.0204271 0.00256644 0.0
1100 0.00106617 0.373385 0.60092 0.0222266 0.00191571 0.000486777
1150 0.00520056 0.379237 0.578894 0.0330277 0.00364044 0.0
1200 0.00165297 0.349758 0.616774 0.0281976 0.00289044 0.000727026
1250 0.00270508 0.367522 0.604039 0.0211658 0.00429052 0.000276826
1300 0.00392919 0.376537 0.59785 0.0194555 0.00175392 0.00047398
