800 2.03571 1.14168 0.585383 0.480443 0.396841 0.247599
850 2.02847 1.13811 0.585973 0.479791 0.396765 0.248227
900 1.99773 1.14196 0.585119 0.479617 0.395877 0.249613
950 1.94688 1.13398 0.583746 0.481327 0.395361 0.24951
973 2.04139 1.13617 0.584625 0.480806 0.396514 0.250461
1000 2.00746 1.13418 0.583843 0.479791 0.396271 0.24968
1050 1.95235 1.13239 0.584783 0.480576 0.39592 0.25058
1100 1.95449 1.13253 0.583921 0.479348 0.396665 0.251902
1150 1.93913 1.12984 0.583108 0.479686 0.396222 0.252427
1200 2.00397 1.13163 0.583592 0.479642 0.396417 0.253339
1250 1.96797 1.12997 0.583395 0.480085 0.397022 0.253026
1300 1.91151 1.1287 0.583201 0.479034 0.395878 0.254065
