800 0.00236379 0.000293104 1.50856e-08 1.5875e-08 3.96238e-09 0.0
850 0.00233691 0.000289774 1.49343e-08 1.57122e-08 3.93195e-09 0.0
900 0.00231421 0.000287387 1.47804e-08 1.56171e-08 3.9412e-09 0.0
950 0.00228957 0.000284174 1.46368e-08 1.54509e-08 3.90844e-09 0.0
973 0.00227761 0.000282563 1.45535e-08 1.53755e-08 3.88997e-09 0.0
1000 0.00226927 0.000281099 1.44816e-08 1.53424e-08 3.90444e-09 0.0
1050 0.002239 0.000277904 1.4328e-08 1.51735e-08 3.86823e-09 0.0
1100 0.00221723 0.000275118 1.41654e-08 1.50093e-08 3.8331e-09 0.0
1150 0.00219216 0.000271974 1.40168e-08 1.48436e-08 3.79623e-09 0.0
1200 0.00217122 0.000268863 1.38682e-08 1.47552e-08 3.80797e-09 0.0
1250 0.0021444 0.000265813 1.37104e-08 1.45897e-08 3.77179e-09 0.0
1300 0.00212001 0.000263137 1.35562e-08 1.44219e-08 3.73258e-09 0.0
