800 0.00221213 0.00155189 0.00174193 0.0026495 0.00536866 0.0130994
850 0.00218932 0.00153589 0.00172395 0.00262214 0.00531177 0.0129452
900 0.00216654 0.00151989 0.00170597 0.00259482 0.00525622 0.0127942
950 0.00214376 0.00150388 0.00168797 0.00256748 0.00519951 0.0126394
973 0.0021332 0.00149653 0.00167969 0.0025549 0.00517337 0.0125676
1000 0.00212112 0.00148808 0.00167019 0.00254046 0.00514461 0.0124943
1050 0.00209821 0.00147189 0.00165199 0.00251284 0.00508735 0.0123372
1100 0.00207527 0.00145593 0.00163402 0.00248553 0.00503107 0.0121849
1150 0.00205247 0.00143993 0.00161603 0.00245821 0.00497464 0.0120356
1200 0.00202971 0.0014239 0.00159805 0.00243085 0.00492006 0.0118924
1250 0.00200692 0.00140798 0.00158006 0.00240349 0.00486377 0.0117412
1300 0.00198409 0.00139195 0.00156207 0.00237617 0.0048075 0.011596
