800 0.134444 0.063707 0.00734921 4.79162e-05 2.5658e-06 0.0 0.0 0.222074 0.0452875 6.62761e-05 5.21819e-06 1.50669e-07 0.0 0.0 0.350876 0.018193 2.85887e-05 1.3398e-06 0.0 0.0 0.0 0.271741 0.016455 0.0 0.0 0.0 0.0 0.0 0.283829 0.00994264 0.0 0.0 0.0 0.0 0.0 0.285877
850 0.133308 0.0626934 0.00736564 3.85955e-05 3.04022e-06 1.60302e-07 0.0 0.219819 0.0447685 6.58411e-05 5.03032e-06 1.20957e-07 0.0 0.0 0.34724 0.0180138 2.87165e-05 1.38248e-06 0.0 0.0 0.0 0.26895 0.016287 0.0 0.0 0.0 0.0 0.0 0.281144 0.00981255 0.0 0.0 0.0 0.0 0.0 0.28319
900 0.131709 0.0622549 0.00729004 4.36418e-05 1.51251e-06 0.0 0.0 0.217542 0.0443053 6.38388e-05 4.80848e-06 1.70421e-07 0.0 0.0 0.343649 0.0178075 2.83926e-05 1.42817e-06 0.0 0.0 0.0 0.266468 0.0161046 0.0 0.0 0.0 0.0 0.0 0.278554 0.00968525 0.0 0.0 0.0 0.0 0.0 0.280534
950 0.130411 0.0615576 0.00714383 4.0992e-05 4.04814e-06 0.0 0.0 0.215261 0.0438557 6.40792e-05 4.75579e-06 9.18204e-08 0.0 0.0 0.34007 0.0176247 2.85843e-05 1.3463e-06 0.0 0.0 0.0 0.263662 0.015929 0.0 0.0 0.0 0.0 0.0 0.275844 0.00954801 0.0 0.0 0.0 0.0 0.0 0.277832
973 0.129696 0.0614083 0.00710392 4.3167e-05 2.82074e-06 1.38854e-07 0.0 0.214206 0.043618 6.22621e-05 5.04795e-06 1.15576e-07 0.0 0.0 0.338379 0.01753 2.82057e-05 1.34743e-06 0.0 0.0 0.0 0.262372 0.0158457 0.0 0.0 0.0 0.0 0.0 0.274579 0.00949198 0.0 0.0 0.0 0.0 0.0 0.276599
1000 0.129012 0.0608686 0.00712024 4.2585e-05 4.13555e-06 1.31891e-07 0.0 0.212998 0.0433588 6.22943e-05 4.35513e-06 2.26635e-07 0.0 0.0 0.336526 0.0174385 2.81601e-05 1.29669e-06 0.0 0.0 0.0 0.261152 0.0157487 0.0 0.0 0.0 0.0 0.0 0.273236 0.00942975 0.0 0.0 0.0 0.0 0.0 0.27521
1050 0.127398 0.0604239 0.00708193 4.34857e-05 3.35929e-06 3.85148e-07 0.0 0.210683 0.0429006 6.25998e-05 4.88052e-06 1.51643e-07 0.0 0.0 0.332864 0.0172399 2.73596e-05 1.38658e-06 0.0 0.0 0.0 0.25832 0.0155841 0.0 0.0 0.0 0.0 0.0 0.270464 0.0093017 0.0 0.0 0.0 0.0 0.0 0.272458
1100 0.126167 0.0597698 0.00692157 3.89928e-05 3.63914e-06 0.0 0.0 0.208388 0.0424249 6.47908e-05 4.63235e-06 1.94171e-07 0.0 0.0 0.329274 0.0170436 2.65389e-05 1.28513e-06 0.0 0.0 0.0 0.255517 0.0154003 0.0 0.0 0.0 0.0 0.0 0.267707 0.00916977 0.0 0.0 0.0 0.0 0.0 0.269724
1150 0.124752 0.0591095 0.0068612 3.86198e-05 3.63894e-06 0.0 0.0 0.206088 0.0419901 6.14048e-05 4.27377e-06 1.85957e-07 0.0 0.0 0.325637 0.0168595 2.6632e-05 1.23014e-06 0.0 0.0 0.0 0.252724 0.0152199 0.0 0.0 0.0 0.0 0.0 0.264932 0.00904164 0.0 0.0 0.0 0.0 0.0 0.267004
1200 0.123443 0.0583133 0.00681257 3.92997e-05 2.65994e-06 0.0 0.0 0.203803 0.0414888 6.16426e-05 3.97515e-06 1.99622e-07 0.0 0.0 0.322077 0.0166661 2.6905e-05 1.23726e-06 0.0 0.0 0.0 0.250304 0.0150441 0.0 0.0 0.0 0.0 0.0 0.262321 0.00893505 0.0 0.0 0.0 0.0 0.0 0.26428
1250 0.122105 0.0576133 0.00673676 3.94677e-05 2.62672e-06 1.21404e-07 0.0 0.201483 0.0410746 6.04635e-05 4.55681e-06 2.37814e-07 0.0 0.0 0.318489 0.0164771 2.61213e-05 1.35566e-06 0.0 0.0 0.0 0.2475 0.0148651 0.0 0.0 0.0 0.0 0.0 0.259537 0.0088147 0.0 0.0 0.0 0.0 0.0 0.26152
1300 0.120654 0.0571031 0.00660338 4.16372e-05 1.91471e-06 1.23467e-07 0.0 0.199228 0.0405638 6.07106e-05 4.62633e-06 1.4891e-07 0.0 0.0 0.31487 0.0162936 2.59802e-05 1.27008e-06 0.0 0.0 0.0 0.244696 0.0146896 0.0 0.0 0.0 0.0 0.0 0.256727 0.00868891 0.0 0.0 0.0 0.0 0.0 0.258748
1350 0.119331 0.0562644 0.00657149 4.45663e-05 4.07201e-06 2.23189e-07 0.0 0.196939 0.040075 6.00222e-05 4.002e-06 1.62838e-07 0.0 0.0 0.311261 0.0161003 2.5425e-05 1.25251e-06 0.0 0.0 0.0 0.241883 0.0145238 0.0 0.0 0.0 0.0 0.0 0.253938 0.00857162 0.0 0.0 0.0 0.0 0.0 0.256016
1400 0.118043 0.0555784 0.00647821 4.0282e-05 1.82401e-06 1.26238e-07 0.0 0.194662 0.0396319 5.835e-05 4.07925e-06 1.4519e-07 0.0 0.0 0.30767 0.0159044 2.56712e-05 1.20946e-06 0.0 0.0 0.0 0.239074 0.0143456 0.0 0.0 0.0 0.0 0.0 0.251115 0.00844934 0.0 0.0 0.0 0.0 0.0 0.253226
