800 4.91111e+18 1.97312e+19 4.9938e+19 3.34876e+19 2.57666e+19 8.56809e+18
850 5.02338e+18 2.02757e+19 5.12903e+19 3.44322e+19 2.66127e+19 8.74834e+18
900 5.14804e+18 2.08139e+19 5.28425e+19 3.53704e+19 2.715e+19 8.87748e+18
950 5.25451e+18 2.12506e+19 5.39474e+19 3.61781e+19 2.78471e+19 9.05735e+18
973 5.28778e+18 2.14576e+19 5.44809e+19 3.642e+19 2.81665e+19 9.10221e+18
1000 5.38638e+18 2.17737e+19 5.52313e+19 3.69056e+19 2.84617e+19 9.24786e+18
1050 5.49699e+18 2.2206e+19 5.64158e+19 3.77227e+19 2.90976e+19 9.35961e+18
1100 5.69357e+18 2.30654e+19 5.85393e+19 3.9112e+19 3.00875e+19 9.67694e+18
1150 5.91323e+18 2.37885e+19 6.03267e+19 4.02239e+19 3.11213e+19 9.96371e+18
1200 6.02302e+18 2.43221e+19 6.17661e+19 4.12112e+19 3.1872e+19 1.01168e+19
1250 6.20163e+18 2.50814e+19 6.36697e+19 4.23392e+19 3.26848e+19 1.03788e+19
1300 6.35931e+18 2.56914e+19 6.50358e+19 4.33516e+19 3.36178e+19 1.05546e+19
1350 6.54787e+18 2.64931e+19 6.73007e+19 4.47324e+19 3.46955e+19 1.09425e+19
1400 6.76887e+18 2.72378e+19 6.91419e+19 4.59608e+19 3.56376e+19 1.12165e+19
