800 0.0716913 0.0415088 0.0181669 0.0215207 0.0214255 0.0287308
850 0.0710452 0.0410269 0.0180063 0.0213199 0.0212702 0.0284967
900 0.070112 0.040693 0.017812 0.0211455 0.0210852 0.0284926
950 0.0695398 0.0402427 0.0176105 0.0209506 0.0208634 0.0283373
973 0.0691321 0.040011 0.0174858 0.0208052 0.020789 0.0282453
1000 0.0689347 0.0397573 0.0174005 0.0207326 0.0207201 0.0282102
1050 0.0679897 0.039406 0.0172263 0.0204677 0.0205345 0.027988
1100 0.06713 0.0389707 0.0170566 0.0202526 0.0202816 0.0278762
1150 0.0662159 0.0385956 0.0168357 0.0200722 0.0201268 0.0276409
1200 0.0657345 0.0381294 0.0166595 0.0198736 0.0199511 0.027377
1250 0.0649948 0.0377845 0.0164444 0.0196596 0.0197532 0.027188
1300 0.0641526 0.0372972 0.0162843 0.019449 0.0194941 0.0270017
1350 0.0633797 0.0369901 0.0160836 0.0193075 0.0192935 0.0267869
1400 0.0624522 0.0364543 0.015897 0.0190534 0.0191906 0.026437
