800 0.136132 0.0605106 0.0069468 4.22779e-05 3.09836e-06 1.35931e-07 0.0 0.222938 0.0384874 6.3224e-05 4.46559e-06 1.64389e-07 0.0 0.0 0.354368 0.0144679 2.83829e-05 1.53382e-06 0.0 0.0 0.0 0.272955 0.0132602 0.0 0.0 0.0 0.0 0.0 0.285503 0.00697673 0.0 0.0 0.0 0.0 0.0 0.288558
850 0.134729 0.059885 0.00687088 4.1587e-05 3.01008e-06 1.43168e-07 0.0 0.220646 0.0380891 6.26864e-05 4.46547e-06 1.6568e-07 0.0 0.0 0.350734 0.0143158 2.80959e-05 1.47926e-06 0.0 0.0 0.0 0.270143 0.0131224 0.0 0.0 0.0 0.0 0.0 0.282747 0.00688882 0.0 0.0 0.0 0.0 0.0 0.285878
900 0.133321 0.0592623 0.00680278 4.17449e-05 2.99439e-06 1.3383e-07 0.0 0.21834 0.0376953 6.2052e-05 4.39764e-06 1.47442e-07 0.0 0.0 0.347109 0.0141627 2.77931e-05 1.47977e-06 0.0 0.0 0.0 0.267584 0.0129791 0.0 0.0 0.0 0.0 0.0 0.280121 0.00680169 0.0 0.0 0.0 0.0 0.0 0.283177
950 0.131914 0.0586486 0.00673154 4.05011e-05 2.88936e-06 1.32332e-07 0.0 0.216052 0.0372931 6.12809e-05 4.35764e-06 1.57428e-07 0.0 0.0 0.343478 0.0140102 2.74116e-05 1.47607e-06 0.0 0.0 0.0 0.264768 0.0128406 0.0 0.0 0.0 0.0 0.0 0.277332 0.00671241 0.0 0.0 0.0 0.0 0.0 0.280438
973 0.131254 0.0583644 0.00669703 4.05124e-05 3.00241e-06 1.32017e-07 0.0 0.214993 0.0371115 6.10811e-05 4.37948e-06 1.50646e-07 0.0 0.0 0.341799 0.0139393 2.74593e-05 1.43363e-06 0.0 0.0 0.0 0.263473 0.0127763 0.0 0.0 0.0 0.0 0.0 0.276047 0.00667345 0.0 0.0 0.0 0.0 0.0 0.279199
1000 0.130536 0.0580156 0.00666508 4.03458e-05 2.95464e-06 1.17832e-07 0.0 0.21377 0.036905 6.08313e-05 4.35044e-06 1.41527e-07 0.0 0.0 0.33989 0.0138602 2.73509e-05 1.46582e-06 0.0 0.0 0.0 0.262188 0.0126979 0.0 0.0 0.0 0.0 0.0 0.274692 0.00662933 0.0 0.0 0.0 0.0 0.0 0.277758
1050 0.129109 0.0573816 0.00659278 3.97439e-05 2.80823e-06 1.47629e-07 0.0 0.211453 0.0364954 5.99824e-05 4.23996e-06 1.38335e-07 0.0 0.0 0.33621 0.0137036 2.70019e-05 1.44381e-06 0.0 0.0 0.0 0.259342 0.012557 0.0 0.0 0.0 0.0 0.0 0.271849 0.00654292 0.0 0.0 0.0 0.0 0.0 0.274968
1100 0.127695 0.0567714 0.00652159 3.90361e-05 2.91051e-06 1.24248e-07 0.0 0.209156 0.0360981 5.92712e-05 4.25158e-06 1.36775e-07 0.0 0.0 0.332569 0.013552 2.66977e-05 1.43126e-06 0.0 0.0 0.0 0.256524 0.0124191 0.0 0.0 0.0 0.0 0.0 0.269034 0.00646258 0.0 0.0 0.0 0.0 0.0 0.27222
1150 0.126297 0.0561442 0.00644511 3.90275e-05 2.75785e-06 1.26778e-07 0.0 0.206854 0.0357055 5.87666e-05 4.17635e-06 1.40529e-07 0.0 0.0 0.328929 0.0133995 2.63658e-05 1.36863e-06 0.0 0.0 0.0 0.253709 0.0122802 0.0 0.0 0.0 0.0 0.0 0.266209 0.00637579 0.0 0.0 0.0 0.0 0.0 0.269459
1200 0.124891 0.0555177 0.00637361 3.85035e-05 2.69928e-06 8.98935e-08 0.0 0.204557 0.0353068 5.82384e-05 4.17825e-06 1.36711e-07 0.0 0.0 0.325318 0.0132477 2.60971e-05 1.38572e-06 0.0 0.0 0.0 0.251195 0.0121381 0.0 0.0 0.0 0.0 0.0 0.263563 0.00629479 0.0 0.0 0.0 0.0 0.0 0.266683
1250 0.123509 0.0548859 0.00629671 3.82363e-05 2.83665e-06 1.01373e-07 0.0 0.202262 0.0349017 5.73753e-05 4.01864e-06 1.44104e-07 0.0 0.0 0.32168 0.0130942 2.57414e-05 1.35504e-06 0.0 0.0 0.0 0.248377 0.0119998 0.0 0.0 0.0 0.0 0.0 0.260713 0.00621304 0.0 0.0 0.0 0.0 0.0 0.263893
1300 0.122105 0.0542636 0.00623043 3.76113e-05 2.90964e-06 1.53499e-07 0.0 0.199961 0.0345049 5.68553e-05 4.09443e-06 1.21854e-07 0.0 0.0 0.318033 0.0129409 2.54244e-05 1.34715e-06 0.0 0.0 0.0 0.245557 0.011858 0.0 0.0 0.0 0.0 0.0 0.25787 0.00613118 0.0 0.0 0.0 0.0 0.0 0.261112
1350 0.120687 0.0536491 0.00616451 3.74833e-05 2.59657e-06 1.34667e-07 0.0 0.197661 0.0341112 5.60487e-05 3.9956e-06 1.3253e-07 0.0 0.0 0.314396 0.012788 2.51373e-05 1.31269e-06 0.0 0.0 0.0 0.24274 0.0117197 0.0 0.0 0.0 0.0 0.0 0.255012 0.00605409 0.0 0.0 0.0 0.0 0.0 0.258295
1400 0.119289 0.0530177 0.00608584 3.69677e-05 2.63278e-06 1.31676e-07 0.0 0.195366 0.0337097 5.54187e-05 3.93266e-06 1.38509e-07 0.0 0.0 0.310754 0.0126363 2.48693e-05 1.31195e-06 0.0 0.0 0.0 0.239918 0.0115812 0.0 0.0 0.0 0.0 0.0 0.252148 0.00597324 0.0 0.0 0.0 0.0 0.0 0.255491
