800 0.0714362 0.0415323 0.0181446 0.0215664 0.021456 0.0286902
850 0.0709535 0.0410915 0.01799 0.0213682 0.0212067 0.0286913
900 0.0702033 0.0406859 0.0177739 0.0211563 0.0210883 0.0285
950 0.0694649 0.0402285 0.0176032 0.0209066 0.0209017 0.0283423
973 0.0691839 0.0400353 0.0175179 0.0208462 0.0207818 0.0283015
1000 0.0688216 0.039796 0.0174206 0.0207801 0.0207308 0.0281167
1050 0.0680086 0.0394182 0.0172423 0.0205444 0.0205226 0.0280115
1100 0.0671536 0.0389427 0.01704 0.0202593 0.0203626 0.0277164
1150 0.0663882 0.0384775 0.0168326 0.0201074 0.0201182 0.0275116
1200 0.0655986 0.0381979 0.0166541 0.0198727 0.0199161 0.0274041
1250 0.0648776 0.0377937 0.0164454 0.0197046 0.019786 0.0271902
1300 0.0641238 0.0372625 0.0162828 0.0195355 0.0195151 0.0269955
1350 0.0636408 0.0369725 0.0160915 0.0192387 0.0193055 0.0267228
1400 0.0626569 0.0363941 0.0159244 0.0190599 0.0191694 0.0265555
