800 2.27644 1.48431 0.965809 1.1781 1.13895 1.15187
850 2.30549 1.50045 0.975807 1.19008 1.1497 1.1623
900 2.32433 1.51647 0.986207 1.20163 1.16016 1.17257
950 2.34802 1.53214 0.996489 1.21418 1.17153 1.18358
973 2.36167 1.53939 1.00158 1.22028 1.17716 1.18859
1000 2.37694 1.54823 1.00706 1.22606 1.18288 1.19425
1050 2.39805 1.56491 1.01821 1.23949 1.19481 1.20567
1100 2.42893 1.58324 1.02934 1.25316 1.20695 1.21718
1150 2.45346 1.59975 1.04091 1.26684 1.21978 1.22917
1200 2.48337 1.61852 1.05235 1.27925 1.23179 1.24134
1250 2.51185 1.63638 1.06424 1.2936 1.24496 1.25386
1300 2.53905 1.65529 1.07654 1.30892 1.25875 1.26666
1350 2.5706 1.67483 1.08882 1.32374 1.27244 1.27966
1400 2.60171 1.69407 1.10152 1.33933 1.28693 1.29296
