800 3.98793e-10 7.52929e-10 2.69512e-09 6.64664e-09 1.52714e-08 4.24859e-08
850 3.98791e-10 7.52924e-10 2.69503e-09 6.64651e-09 1.52664e-08 4.24011e-08
900 3.98791e-10 7.52911e-10 2.69484e-09 6.64603e-09 1.52619e-08 4.23186e-08
950 3.98792e-10 7.52915e-10 2.69463e-09 6.64593e-09 1.52572e-08 4.22373e-08
973 3.98775e-10 7.52925e-10 2.69456e-09 6.64589e-09 1.52546e-08 4.22059e-08
1000 3.98805e-10 7.52908e-10 2.69454e-09 6.64539e-09 1.52529e-08 4.21576e-08
1050 3.98776e-10 7.52908e-10 2.6942e-09 6.64527e-09 1.52485e-08 4.20937e-08
1100 3.9878e-10 7.52888e-10 2.69407e-09 6.64515e-09 1.5245e-08 4.20246e-08
1150 3.98777e-10 7.52889e-10 2.69391e-09 6.64503e-09 1.5241e-08 4.19569e-08
1200 3.98777e-10 7.52883e-10 2.69369e-09 6.64447e-09 1.52379e-08 4.18998e-08
1250 3.98768e-10 7.5285e-10 2.69346e-09 6.64434e-09 1.52338e-08 4.18313e-08
1300 3.9879e-10 7.52841e-10 2.69321e-09 6.64403e-09 1.52302e-08 4.17808e-08
1350 3.98774e-10 7.5283e-10 2.693e-09 6.64398e-09 1.52278e-08 4.17124e-08
1400 3.98772e-10 7.52823e-10 2.69281e-09 6.64392e-09 1.52252e-08 4.16628e-08
