800 1.57583e+19 1.46179e+20 4.93362e+20 1.88993e+20 2.08956e+20 8.55817e+19
850 1.60735e+19 1.49615e+20 5.04357e+20 1.93238e+20 2.1341e+20 8.69212e+19
900 1.64158e+19 1.52363e+20 5.14045e+20 1.96866e+20 2.17203e+20 8.80471e+19
950 1.67459e+19 1.55919e+20 5.25081e+20 2.01113e+20 2.21413e+20 8.91711e+19
973 1.69258e+19 1.57229e+20 5.29789e+20 2.02857e+20 2.23495e+20 8.96848e+19
1000 1.70989e+19 1.59402e+20 5.36227e+20 2.04986e+20 2.2556e+20 9.03288e+19
1050 1.75321e+19 1.62847e+20 5.49064e+20 2.09818e+20 2.30898e+20 9.19839e+19
1100 1.78998e+19 1.66155e+20 5.59746e+20 2.14137e+20 2.35346e+20 9.31777e+19
1150 1.82507e+19 1.69953e+20 5.72648e+20 2.18688e+20 2.40294e+20 9.47344e+19
1200 1.87153e+19 1.74036e+20 5.8609e+20 2.23616e+20 2.45396e+20 9.64153e+19
1250 1.90982e+19 1.77681e+20 5.98117e+20 2.28315e+20 2.5048e+20 9.78814e+19
1300 1.94721e+19 1.81411e+20 6.10964e+20 2.33197e+20 2.55653e+20 9.94964e+19
1350 1.99778e+19 1.8585e+20 6.25468e+20 2.38467e+20 2.61373e+20 1.0128e+20
1400 2.05028e+19 1.90618e+20 6.41085e+20 2.44385e+20 2.67647e+20 1.03368e+20
