800 3.5874e-08 2.18434e-06 4.74149e-07 4.25159e-06 2.85258e-05 2.82031e-06 9.56717e-06 1.14793e-06
850 4.15465e-08 2.73598e-06 1.04318e-06 6.93326e-06 2.9557e-05 5.06014e-06 1.38418e-05 5.53897e-06
900 3.07485e-08 3.02413e-06 9.45445e-07 5.37048e-06 1.76956e-05 8.09627e-06 1.56545e-05 4.1742e-06
950 3.07329e-08 3.66029e-06 1.17598e-06 4.50815e-06 4.21809e-05 6.89062e-06 1.60753e-05 1.84523e-06
973 3.18028e-08 2.60284e-06 8.84303e-07 1.34206e-06 2.57981e-05 1.1195e-05 1.1768e-05 4.2981e-06
1000 3.0397e-08 4.0194e-06 2.53045e-07 5.12166e-06 2.45818e-05 4.78142e-06 1.18633e-05 1.70117e-06
1050 3.25876e-08 2.59403e-06 1.17561e-06 8.62128e-06 3.31743e-05 7.26807e-06 1.0677e-05 3.86941e-06
1100 3.53354e-08 1.73651e-06 7.66816e-07 7.70666e-06 2.01401e-05 1.1971e-05 1.25675e-05 3.96573e-06
1150 4.88381e-08 3.45808e-06 1.2431e-06 5.38148e-06 2.5207e-05 1.27285e-05 1.67814e-05 1.89721e-06
1200 3.90685e-08 3.68351e-06 5.30324e-07 7.7269e-06 3.21736e-05 1.01956e-05 1.43939e-05 5.78355e-06
1250 3.93919e-08 2.80757e-06 6.17983e-07 5.98413e-06 2.24476e-05 6.71213e-06 1.64572e-05 2.31759e-06
1300 5.84388e-08 3.75465e-06 1.21683e-07 4.81823e-06 2.63736e-05 1.00026e-05 2.00028e-05 9.49064e-07
1350 6.96843e-08 3.84832e-06 3.07123e-07 8.36021e-06 2.7151e-05 6.18171e-06 1.75876e-05 2.60319e-06
1400 3.77132e-08 5.9344e-06 8.39471e-07 5.93827e-06 3.11713e-05 1.2383e-05 9.94732e-06 3.67764e-06
