800 0.00406147 0.374178 0.602221 0.0175914 0.00194886 0.0
850 0.00263639 0.374524 0.583933 0.0339369 0.00424013 0.000730013
900 0.00125788 0.390312 0.58124 0.0253434 0.00120922 0.000637426
950 0.00254413 0.372487 0.603699 0.0190081 0.00129443 0.000967841
973 0.00453702 0.367003 0.601865 0.0239156 0.00232073 0.000358823
1000 0.000299469 0.373801 0.604699 0.0198905 0.000354498 0.000955154
1050 0.00352255 0.386408 0.583541 0.0212006 0.002888 0.00243982
1100 0.00190956 0.390974 0.585002 0.0200715 0.00168966 0.00035296
1150 0.00200249 0.370894 0.607661 0.0158413 0.00290222 0.000698591
1200 0.0019918 0.361863 0.600331 0.0308661 0.00140722 0.00354108
1250 0.00397982 0.378594 0.595952 0.0191081 0.00236571 0.0
1300 0.00151829 0.342894 0.622042 0.0310736 0.00247231 0.0
1350 0.00176696 0.388236 0.579268 0.028263 0.00177222 0.000693166
1400 0.0043775 0.376707 0.579953 0.0304486 0.00824281 0.000271501
