800 0.102856 0.0199603 0.01153 0.0358743 0.027923 0.040746
850 0.103079 0.0199773 0.0115314 0.0358569 0.0279323 0.0408771
900 0.102909 0.0199878 0.0115406 0.0358565 0.0279406 0.0409299
950 0.102951 0.0199786 0.0115328 0.0358348 0.0279611 0.0410702
973 0.103088 0.019955 0.0115382 0.0358559 0.0279509 0.0411119
1000 0.103069 0.0199537 0.0115342 0.0358649 0.0279654 0.0411809
1050 0.102957 0.0199825 0.0115313 0.0358587 0.0279631 0.0412431
1100 0.103176 0.0199604 0.0115345 0.0358493 0.027953 0.0413433
1150 0.103154 0.0199855 0.0115363 0.0358688 0.0279795 0.041463
1200 0.102936 0.0199683 0.0115342 0.0358395 0.0279905 0.0414955
1250 0.103073 0.0199819 0.0115365 0.0358277 0.0279843 0.0416068
1300 0.103065 0.0199609 0.0115394 0.0358693 0.0280119 0.0417381
1350 0.102939 0.0199894 0.0115409 0.0358826 0.0280004 0.0417776
1400 0.103183 0.0199924 0.0115401 0.0358893 0.0280084 0.0418336
