800 0.0 0.0 0.0 0.0 0.0 0.0 0.0 0.0
850 0.0 0.0 0.0 0.0 0.0 0.0 0.0 0.0
900 0.0 0.0 0.0 0.0 0.0 0.0 0.0 0.0
950 0.0 0.0 0.0 0.0 0.0 0.0 0.0 0.0
973 0.0 0.0 0.0 0.0 0.0 0.0 0.0 0.0
1000 0.0 0.0 0.0 0.0 0.0 0.0 0.0 0.0
1050 0.0 0.0 0.0 0.0 0.0 0.0 0.0 0.0
1100 0.0 0.0 0.0 0.0 0.0 0.0 0.0 0.0
1150 0.0 0.0 0.0 0.0 0.0 0.0 0.0 0.0
1200 0.0 0.0 0.0 0.0 0.0 0.0 0.0 0.0
1250 0.0 0.0 0.0 0.0 0.0 0.0 0.0 0.0
1300 0.0 0.0 0.0 0.0 0.0 0.0 0.0 0.0
1350 0.0 0.0 0.0 0.0 0.0 0.0 0.0 0.0
1400 0.0 0.0 0.0 0.0 0.0 0.0 0.0 0.0
