800 4.9638e+18 2.0034e+19 5.07422e+19 3.39759e+19 2.61234e+19 8.62219e+18
850 5.1052e+18 2.05889e+19 5.21066e+19 3.48759e+19 2.68484e+19 8.87246e+18
900 5.19693e+18 2.10187e+19 5.32598e+19 3.56628e+19 2.73984e+19 8.93402e+18
950 5.33277e+18 2.15527e+19 5.4527e+19 3.64757e+19 2.80701e+19 9.08302e+18
973 5.42643e+18 2.19233e+19 5.54567e+19 3.70935e+19 2.84995e+19 9.19801e+18
1000 5.44561e+18 2.21042e+19 5.59367e+19 3.74223e+19 2.87291e+19 9.24088e+18
1050 5.64211e+18 2.28096e+19 5.80094e+19 3.8772e+19 2.98061e+19 9.59472e+18
1100 5.75762e+18 2.33129e+19 5.917e+19 3.96665e+19 3.04504e+19 9.68806e+18
1150 5.91191e+18 2.38973e+19 6.05483e+19 4.04683e+19 3.12233e+19 9.90938e+18
1200 6.11171e+18 2.47252e+19 6.26623e+19 4.17218e+19 3.21221e+19 1.01632e+19
1250 6.26798e+18 2.54143e+19 6.45673e+19 4.30276e+19 3.31425e+19 1.04825e+19
1300 6.46427e+18 2.61364e+19 6.62217e+19 4.40541e+19 3.40178e+19 1.06707e+19
1350 6.5908e+18 2.66679e+19 6.78089e+19 4.50973e+19 3.49068e+19 1.09456e+19
1400 6.8655e+18 2.76944e+19 7.03109e+19 4.67471e+19 3.60955e+19 1.13053e+19
