800 0.00223167 0.00156971 0.00176613 0.00271175 0.00556975 0.0140502
850 0.00220753 0.00155307 0.00174803 0.00268293 0.00551073 0.0138785
900 0.00218502 0.0015376 0.0017298 0.00265591 0.00545358 0.0137664
950 0.00216332 0.00152126 0.00171145 0.00262827 0.0053957 0.01356
973 0.00215216 0.00151366 0.00170303 0.00261573 0.00536852 0.0135012
1000 0.00213958 0.00150503 0.0016935 0.00260099 0.00533862 0.0134024
1050 0.00211638 0.00148843 0.00167511 0.00257254 0.00528549 0.0132339
1100 0.00209341 0.00147274 0.00165689 0.00254568 0.00522262 0.0130675
1150 0.00207039 0.00145629 0.0016384 0.00251787 0.0051697 0.0128868
1200 0.00204785 0.00143982 0.00162016 0.00248978 0.00511129 0.0127387
1250 0.00202338 0.00142369 0.00160205 0.0024617 0.00505642 0.0126095
1300 0.00200132 0.00140761 0.00158372 0.00243432 0.00499636 0.0124242
1350 0.00197835 0.00139071 0.00156549 0.00240718 0.00493996 0.0122672
1400 0.00195606 0.00137518 0.0015472 0.00237951 0.0048826 0.0121021
