800 0.000974551 0.00013087 6.92782e-09 7.31135e-09 1.82739e-09 0.0
850 0.000964527 0.000129582 6.8566e-09 7.23734e-09 1.81333e-09 0.0
900 0.000953799 0.000128181 6.78536e-09 7.19267e-09 1.81594e-09 0.0
950 0.000943944 0.000126642 6.71538e-09 7.11538e-09 1.79969e-09 0.0
973 0.000939556 0.000126215 6.6828e-09 7.08121e-09 1.79262e-09 0.0
1000 0.000934643 0.000125435 6.64748e-09 7.06575e-09 1.79887e-09 0.0
1050 0.000924333 0.000124004 6.57191e-09 6.98909e-09 1.78342e-09 0.0
1100 0.00091315 0.00012291 6.50432e-09 6.91319e-09 1.76612e-09 0.0
1150 0.000903403 0.000121285 6.4308e-09 6.83622e-09 1.74983e-09 0.0
1200 0.000893803 0.000120246 6.36305e-09 6.79534e-09 1.75567e-09 0.0
1250 0.000883027 0.000118632 6.29275e-09 6.71879e-09 1.73775e-09 0.0
1300 0.000872892 0.000117415 6.2231e-09 6.64256e-09 1.72052e-09 0.0
1350 0.000864011 0.00011619 6.15031e-09 6.56592e-09 1.70322e-09 0.0
1400 0.00085344 0.000114694 6.08057e-09 6.48956e-09 1.6864e-09 0.0
