800 4.01809e-10 7.80409e-10 2.84178e-09 6.84671e-09 1.61397e-08 1.15669e-07
850 4.01678e-10 7.80284e-10 2.84212e-09 6.8469e-09 1.61333e-08 1.1491e-07
900 4.01886e-10 7.80389e-10 2.84193e-09 6.84621e-09 1.61266e-08 1.11953e-07
950 4.01697e-10 7.80503e-10 2.84189e-09 6.84513e-09 1.61175e-08 1.10714e-07
973 4.01868e-10 7.80379e-10 2.84139e-09 6.84561e-09 1.61153e-08 1.09875e-07
1000 4.01662e-10 7.80378e-10 2.84195e-09 6.84545e-09 1.61144e-08 1.09133e-07
1050 4.01712e-10 7.80421e-10 2.84149e-09 6.8453e-09 1.61063e-08 1.07146e-07
1100 4.01979e-10 7.80371e-10 2.8412e-09 6.84508e-09 1.60993e-08 1.05883e-07
1150 4.01732e-10 7.80497e-10 2.84105e-09 6.84448e-09 1.60929e-08 1.04766e-07
1200 4.01792e-10 7.80244e-10 2.84111e-09 6.84355e-09 1.60883e-08 1.03018e-07
1250 4.01881e-10 7.80468e-10 2.84074e-09 6.84316e-09 1.60842e-08 1.0128e-07
1300 4.01893e-10 7.80384e-10 2.84077e-09 6.84283e-09 1.60766e-08 9.96704e-08
1350 4.01795e-10 7.80262e-10 2.84025e-09 6.84226e-09 1.60733e-08 9.85744e-08
1400 4.01844e-10 7.80399e-10 2.84024e-09 6.84209e-09 1.60657e-08 9.69817e-08
