800 0.00611048 0.00402154 0.00441475 0.00675656 0.0138677 0.0350777
850 0.00604855 0.00398055 0.00436915 0.00668767 0.0137198 0.0346446
900 0.00598105 0.00393752 0.0043238 0.00661945 0.0135793 0.0343023
950 0.00592124 0.00389667 0.00427802 0.00655077 0.0134483 0.0337785
973 0.00589482 0.00387695 0.00425748 0.00651843 0.0133784 0.0335421
1000 0.00586485 0.00385561 0.00423299 0.00648331 0.0133038 0.033418
1050 0.00579846 0.00381491 0.00418721 0.00641357 0.0131572 0.0330433
1100 0.00573566 0.00377246 0.00414151 0.00634334 0.0130129 0.0325044
1150 0.00567081 0.00373084 0.00409573 0.00627385 0.0128804 0.0322268
1200 0.0056107 0.00368988 0.00404993 0.00620614 0.0127339 0.0318327
1250 0.0055444 0.00364792 0.00400421 0.00613565 0.0125852 0.0313792
1300 0.00548008 0.00360667 0.00395863 0.00606829 0.012449 0.0309499
1350 0.00541517 0.0035648 0.00391299 0.00599888 0.0123081 0.0305509
1400 0.00535728 0.00352278 0.00386797 0.00592845 0.0121628 0.0302055
