800 2.73776 2.562 2.49959 2.49193 2.49026 2.49097
850 2.73796 2.56199 2.4996 2.49193 2.49026 2.49098
900 2.73704 2.56203 2.49959 2.49193 2.49026 2.49098
950 2.73784 2.56199 2.4996 2.49193 2.49026 2.49101
973 2.73778 2.562 2.49959 2.49193 2.49026 2.49102
1000 2.73892 2.56199 2.4996 2.49192 2.49026 2.49101
1050 2.73862 2.562 2.49959 2.49192 2.49026 2.49102
1100 2.73854 2.56198 2.4996 2.49192 2.49026 2.49103
1150 2.73792 2.562 2.4996 2.49192 2.49026 2.49102
1200 2.73898 2.56197 2.49961 2.49192 2.49026 2.49104
1250 2.73831 2.56198 2.49962 2.49192 2.49025 2.49105
1300 2.73763 2.56202 2.49961 2.49191 2.49026 2.49106
1350 2.73754 2.56197 2.49962 2.49191 2.49026 2.49107
1400 2.73874 2.56199 2.49961 2.49191 2.49026 2.49108
