800 4.03444e-10 7.71536e-10 2.54074e-09 6.94218e-09 1.58011e-08 5.13923e-08
850 4.03281e-10 7.70172e-10 2.54884e-09 6.9266e-09 1.58156e-08 5.11717e-08
900 4.03531e-10 7.7253e-10 2.54171e-09 6.94457e-09 1.58125e-08 5.05958e-08
950 4.02595e-10 7.71739e-10 2.53618e-09 6.95617e-09 1.57833e-08 5.02151e-08
973 4.02794e-10 7.70956e-10 2.5506e-09 6.95121e-09 1.57602e-08 5.02804e-08
1000 4.04246e-10 7.72e-10 2.54151e-09 6.95573e-09 1.57494e-08 4.98702e-08
1050 4.03152e-10 7.70639e-10 2.55132e-09 6.94894e-09 1.57667e-08 4.96323e-08
1100 4.03783e-10 7.70194e-10 2.54644e-09 6.95315e-09 1.57475e-08 4.90786e-08
1150 4.0209e-10 7.71071e-10 2.5571e-09 6.95745e-09 1.57557e-08 4.86011e-08
1200 3.98954e-10 7.72001e-10 2.55657e-09 6.96399e-09 1.57402e-08 4.84933e-08
1250 4.0298e-10 7.71622e-10 2.54901e-09 6.96359e-09 1.57021e-08 4.82311e-08
1300 4.01964e-10 7.72018e-10 2.54862e-09 6.97304e-09 1.56965e-08 4.78997e-08
1350 3.99918e-10 7.7171e-10 2.55768e-09 6.96276e-09 1.57199e-08 4.75244e-08
1400 4.01014e-10 7.7208e-10 2.55628e-09 6.96493e-09 1.56923e-08 4.72562e-08
