800 0.00223179 0.00156969 0.00176619 0.00271138 0.0055688 0.014082
850 0.00220901 0.00155369 0.00174794 0.00268373 0.00550939 0.013908
900 0.0021851 0.00153687 0.00172981 0.00265635 0.00545297 0.0137706
950 0.00216261 0.00152096 0.00171148 0.0026288 0.00540034 0.0135602
973 0.00215302 0.00151325 0.00170327 0.00261582 0.0053723 0.0134653
1000 0.00214119 0.00150493 0.00169347 0.00260173 0.00534236 0.0134155
1050 0.00211717 0.00148904 0.00167516 0.00257374 0.00528346 0.013265
1100 0.0020943 0.00147248 0.00165687 0.00254556 0.00522552 0.0130486
1150 0.0020711 0.00145622 0.00163856 0.00251767 0.00517229 0.0129372
1200 0.00204836 0.00144025 0.00162023 0.00249051 0.00511348 0.0127789
1250 0.00202466 0.00142386 0.00160193 0.00246222 0.00505379 0.0125968
1300 0.00200165 0.00140774 0.0015837 0.00243519 0.00499907 0.0124244
1350 0.00197802 0.00139143 0.00156543 0.00240734 0.00494248 0.0122642
1400 0.00195601 0.00137502 0.00154743 0.00237908 0.00488414 0.0121255
