800 0.00610646 0.00403004 0.00442028 0.00670292 0.0135666 0.0330435
850 0.00604358 0.00398852 0.00437467 0.00663379 0.0134224 0.0326528
900 0.00598074 0.00394694 0.00432903 0.00656478 0.013283 0.032275
950 0.00591776 0.00390542 0.00428337 0.00649553 0.0131394 0.0318765
973 0.00588899 0.00388624 0.00426237 0.00646369 0.0130729 0.031704
1000 0.00585519 0.00386437 0.00423829 0.00642718 0.013001 0.0315083
1050 0.00579202 0.00382232 0.00419208 0.00635724 0.012856 0.0311198
1100 0.0057292 0.00378083 0.00414646 0.00628802 0.0127138 0.0307401
1150 0.00566628 0.00373932 0.00410084 0.00621886 0.012571 0.0303579
1200 0.00560311 0.00369776 0.00405519 0.00614982 0.0124334 0.0300054
1250 0.00554038 0.00365631 0.00400953 0.00608073 0.012291 0.0296247
1300 0.0054771 0.00361477 0.00396388 0.00601137 0.0121485 0.0292524
1350 0.00541445 0.00357326 0.00391825 0.00594221 0.0120071 0.0288756
1400 0.00535125 0.00353177 0.00387262 0.00587307 0.0118656 0.0285095
