800 0.00223092 0.001573 0.00176848 0.00268972 0.00544801 0.0132638
850 0.00220795 0.0015568 0.00175023 0.00266199 0.0053901 0.0131069
900 0.00218498 0.00154057 0.00173197 0.00263429 0.00533411 0.0129552
950 0.00216198 0.00152436 0.0017137 0.0026065 0.00527646 0.0127952
973 0.00215142 0.00151688 0.0017053 0.00259372 0.00524976 0.0127259
1000 0.00213918 0.00150834 0.00169567 0.00257908 0.0052209 0.0126474
1050 0.002116 0.00149193 0.00167718 0.00255101 0.00516268 0.0124914
1100 0.00209303 0.00147573 0.00165893 0.00252323 0.00510557 0.0123389
1150 0.00207003 0.00145953 0.00164067 0.00249548 0.00504823 0.0121855
1200 0.00204698 0.00144331 0.00162241 0.00246778 0.00499294 0.0120439
1250 0.00202403 0.00142713 0.00160414 0.00244005 0.00493576 0.0118911
1300 0.00200097 0.00141091 0.00158587 0.00241222 0.00487853 0.0117416
1350 0.00197803 0.00139471 0.00156762 0.00238447 0.00482178 0.0115903
1400 0.00195496 0.00137852 0.00154936 0.00235672 0.00476494 0.0114433
