800 2.30156 1.51995 0.961326 1.17538 1.12184 1.08291
850 2.31852 1.5366 0.970866 1.1875 1.13257 1.0916
900 2.35178 1.55157 0.980871 1.20007 1.14322 1.10251
950 2.37337 1.56928 0.991388 1.21206 1.15504 1.11236
973 2.38757 1.57773 0.996655 1.21786 1.16051 1.11717
1000 2.39564 1.58581 1.00188 1.22398 1.16568 1.12252
1050 2.4233 1.60242 1.01303 1.23769 1.17832 1.13291
1100 2.45165 1.62069 1.02379 1.2506 1.19065 1.14481
1150 2.48241 1.63925 1.03468 1.26461 1.20293 1.15607
1200 2.50634 1.65666 1.04627 1.27803 1.21528 1.16665
1250 2.53173 1.67326 1.058 1.29153 1.22775 1.17873
1300 2.5597 1.6936 1.07002 1.30703 1.24138 1.19068
1350 2.59785 1.71242 1.0822 1.32148 1.25482 1.20374
1400 2.62181 1.7342 1.09456 1.33738 1.26924 1.21664
