800 3.9851e-10 7.55124e-10 2.681e-09 6.72092e-09 1.56405e-08 4.56708e-08
850 3.986e-10 7.55065e-10 2.68093e-09 6.72233e-09 1.56336e-08 4.54372e-08
900 3.98901e-10 7.55245e-10 2.68118e-09 6.72205e-09 1.56277e-08 4.55011e-08
950 3.9853e-10 7.55293e-10 2.68052e-09 6.72399e-09 1.5648e-08 4.52844e-08
973 3.98786e-10 7.55316e-10 2.68157e-09 6.72322e-09 1.56397e-08 4.51072e-08
1000 3.98419e-10 7.55206e-10 2.68063e-09 6.72575e-09 1.5633e-08 4.52463e-08
1050 3.98444e-10 7.54978e-10 2.68115e-09 6.72658e-09 1.56362e-08 4.51562e-08
1100 3.98613e-10 7.55262e-10 2.68064e-09 6.72717e-09 1.56348e-08 4.49866e-08
1150 3.98593e-10 7.55212e-10 2.68004e-09 6.72617e-09 1.5644e-08 4.49906e-08
1200 3.98382e-10 7.55217e-10 2.67922e-09 6.72825e-09 1.56396e-08 4.49421e-08
1250 3.98633e-10 7.5527e-10 2.67851e-09 6.72918e-09 1.56302e-08 4.47686e-08
1300 3.98714e-10 7.55136e-10 2.67841e-09 6.73167e-09 1.5638e-08 4.46506e-08
1350 3.9869e-10 7.5545e-10 2.6777e-09 6.7318e-09 1.56417e-08 4.45702e-08
1400 3.98355e-10 7.55397e-10 2.67931e-09 6.73102e-09 1.56396e-08 4.45664e-08
