800 0.0737708 0.0463646 0.0203633 0.0213263 0.0179572 0.0127962
850 0.0727321 0.0458321 0.0201524 0.0211048 0.0177753 0.0127978
900 0.072203 0.0453596 0.0199314 0.0208931 0.0176441 0.0128794
950 0.0713044 0.0448908 0.0197291 0.0206638 0.0174627 0.0128806
973 0.07108 0.0446516 0.019624 0.020565 0.0173917 0.0128975
1000 0.0705781 0.0443909 0.0195138 0.0204557 0.0173103 0.0128931
1050 0.0700367 0.0439252 0.0193014 0.0202311 0.0171276 0.0129131
1100 0.0691934 0.0434405 0.0190738 0.0200063 0.0169676 0.0129115
1150 0.0684001 0.0429902 0.0188638 0.0197671 0.0167871 0.0128988
1200 0.067558 0.0424749 0.0186585 0.0195676 0.0166325 0.0128873
1250 0.0667929 0.0420537 0.0184437 0.0193404 0.0164535 0.0129014
1300 0.06611 0.0415345 0.0182353 0.0191131 0.0162723 0.012882
1350 0.065247 0.0410385 0.0180224 0.018892 0.0160838 0.0128406
1400 0.0644009 0.0405714 0.0178038 0.0186677 0.015915 0.0128424
