800 0.0941479 0.0671467 0.0890828 0.198312 0.321651 0.948688
850 0.0908738 0.0667025 0.0897399 0.197625 0.319892 0.943434
900 0.0919726 0.0677374 0.0891965 0.198053 0.320063 0.927825
950 0.0922115 0.0671331 0.089514 0.198373 0.32056 0.924859
973 0.0912464 0.0672422 0.089651 0.198769 0.319519 0.924837
1000 0.0931036 0.0666811 0.0889225 0.197887 0.320584 0.915444
1050 0.0915682 0.066281 0.0901982 0.199907 0.319034 0.906966
1100 0.0906517 0.0668572 0.0888816 0.199251 0.318509 0.899617
1150 0.0886559 0.0666064 0.0900914 0.19849 0.319888 0.887149
1200 0.086928 0.0663333 0.0905113 0.198766 0.318379 0.888916
1250 0.0878852 0.0666475 0.0900176 0.199556 0.315518 0.886469
1300 0.0903382 0.0667198 0.089714 0.199384 0.316916 0.875521
1350 0.0854258 0.0671834 0.0905772 0.199942 0.31656 0.872244
1400 0.0875142 0.0669778 0.0903343 0.200219 0.317072 0.869645
