800 0.00236591 0.000293142 1.50955e-08 1.58743e-08 3.96707e-09 0.0
850 0.00234176 0.000290257 1.49403e-08 1.57136e-08 3.93654e-09 0.0
900 0.00231457 0.000287117 1.47851e-08 1.56166e-08 3.94221e-09 0.0
950 0.00229093 0.000283672 1.46326e-08 1.54488e-08 3.90693e-09 0.0
973 0.00228051 0.000282714 1.45616e-08 1.53746e-08 3.89158e-09 0.0
1000 0.00226933 0.000280967 1.44847e-08 1.5341e-08 3.90516e-09 0.0
1050 0.00224382 0.000277761 1.432e-08 1.51746e-08 3.8716e-09 0.0
1100 0.00221544 0.000275311 1.41727e-08 1.50098e-08 3.83406e-09 0.0
1150 0.00219242 0.000271671 1.40125e-08 1.48427e-08 3.79869e-09 0.0
1200 0.00216929 0.000269347 1.38649e-08 1.47539e-08 3.81136e-09 0.0
1250 0.00214235 0.00026573 1.37117e-08 1.45877e-08 3.77245e-09 0.0
1300 0.00211789 0.000263005 1.356e-08 1.44222e-08 3.73506e-09 0.0
1350 0.00209733 0.00026026 1.34014e-08 1.42558e-08 3.69749e-09 0.0
1400 0.0020711 0.000256909 1.32494e-08 1.409e-08 3.66099e-09 0.0
