800 7.33341e+16 3.67818e+17 8.26194e+17 4.81834e+17 4.40825e+17 1.37478e+17
850 7.937e+16 3.88733e+17 8.68072e+17 5.11569e+17 4.71988e+17 1.43714e+17
900 8.08793e+16 4.05562e+17 9.16454e+17 5.40257e+17 4.93809e+17 1.51758e+17
950 8.28595e+16 4.31767e+17 9.60816e+17 5.72386e+17 5.25969e+17 1.57832e+17
973 8.41489e+16 4.36887e+17 9.89551e+17 5.8717e+17 5.42091e+17 1.61217e+17
1000 8.48703e+16 4.48102e+17 1.01901e+18 6.02578e+17 5.50384e+17 1.64492e+17
1050 9.57356e+16 4.76164e+17 1.06732e+18 6.36485e+17 5.94461e+17 1.7353e+17
1100 9.60888e+16 5.0647e+17 1.15627e+18 6.89488e+17 6.30299e+17 1.81979e+17
1150 1.02578e+17 5.21603e+17 1.19781e+18 7.27206e+17 6.66232e+17 1.9226e+17
1200 1.08377e+17 5.56948e+17 1.27207e+18 7.75008e+17 7.09083e+17 1.98953e+17
1250 1.15524e+17 6.00502e+17 1.37555e+18 8.28821e+17 7.64672e+17 2.09283e+17
1300 1.17891e+17 6.29065e+17 1.44292e+18 8.76322e+17 8.0853e+17 2.20269e+17
1350 1.29465e+17 6.53536e+17 1.52518e+18 9.34436e+17 8.56333e+17 2.31638e+17
1400 1.38528e+17 7.07875e+17 1.64594e+18 9.94859e+17 9.07496e+17 2.39375e+17
