800 0.136009 0.0606748 0.0069521 4.87092e-05 3.77511e-06 0.0 0.0 0.222855 0.0390936 6.3021e-05 5.37759e-06 1.04016e-07 0.0 0.0 0.357077 0.0144115 2.89041e-05 1.26844e-06 0.0 0.0 0.0 0.27219 0.0142747 0.0 0.0 0.0 0.0 0.0 0.284835 0.00804515 0.0 0.0 0.0 0.0 0.0 0.288881
850 0.134478 0.0600251 0.00692798 4.50535e-05 1.82867e-06 0.0 0.0 0.220622 0.0386206 5.92824e-05 4.07068e-06 0.0 0.0 0.0 0.353486 0.0142827 3.0965e-05 1.6924e-06 0.0 0.0 0.0 0.269387 0.0141486 0.0 0.0 0.0 0.0 0.0 0.282078 0.0079842 0.0 0.0 0.0 0.0 0.0 0.286367
900 0.133248 0.059289 0.00681795 3.9866e-05 2.98447e-06 4.42311e-07 0.0 0.218233 0.0382879 6.1897e-05 3.60452e-06 9.57e-08 0.0 0.0 0.349904 0.0141382 2.78632e-05 1.58821e-06 0.0 0.0 0.0 0.266803 0.0140049 0.0 0.0 0.0 0.0 0.0 0.279438 0.007856 0.0 0.0 0.0 0.0 0.0 0.283479
950 0.131744 0.0589401 0.00667902 4.10226e-05 2.38383e-06 0.0 0.0 0.215953 0.0378753 5.69258e-05 4.15419e-06 2.10362e-07 0.0 0.0 0.3462 0.0139787 2.67961e-05 1.40955e-06 0.0 0.0 0.0 0.263942 0.0138674 0.0 0.0 0.0 0.0 0.0 0.276629 0.00774994 0.0 0.0 0.0 0.0 0.0 0.280828
973 0.131074 0.0584482 0.00672442 3.8191e-05 3.72102e-06 4.60379e-07 0.0 0.214943 0.0376399 5.88114e-05 4.62246e-06 1.17466e-07 0.0 0.0 0.344527 0.0138836 2.65371e-05 1.42572e-06 0.0 0.0 0.0 0.2627 0.0138084 0.0 0.0 0.0 0.0 0.0 0.275329 0.0077245 0.0 0.0 0.0 0.0 0.0 0.2795
1000 0.13021 0.0582791 0.00668702 4.61933e-05 3.12358e-06 0.0 0.0 0.213736 0.0374169 6.35442e-05 4.77962e-06 0.0 0.0 0.0 0.342637 0.0138308 2.80167e-05 1.73284e-06 0.0 0.0 0.0 0.261383 0.0137205 0.0 0.0 0.0 0.0 0.0 0.273974 0.00765785 0.0 0.0 0.0 0.0 0.0 0.278072
1050 0.128958 0.0574468 0.00663625 4.76803e-05 2.85262e-06 0.0 0.0 0.211381 0.0371204 5.81823e-05 3.59647e-06 0.0 0.0 0.0 0.338936 0.0136706 2.92217e-05 1.14051e-06 0.0 0.0 0.0 0.258575 0.0135722 0.0 0.0 0.0 0.0 0.0 0.271127 0.00761797 0.0 0.0 0.0 0.0 0.0 0.275332
1100 0.127705 0.056769 0.00654281 4.08912e-05 4.85913e-06 0.0 0.0 0.209053 0.0366712 5.76889e-05 4.97962e-06 9.66407e-08 0.0 0.0 0.335262 0.0135429 2.74267e-05 1.33434e-06 0.0 0.0 0.0 0.255778 0.0134428 0.0 0.0 0.0 0.0 0.0 0.268361 0.0074894 0.0 0.0 0.0 0.0 0.0 0.272588
1150 0.126459 0.0559907 0.00644526 3.97067e-05 2.88393e-06 0.0 0.0 0.206747 0.0363076 5.87774e-05 3.73643e-06 2.22143e-07 0.0 0.0 0.331665 0.0133738 2.48022e-05 1.28772e-06 0.0 0.0 0.0 0.252923 0.0133285 0.0 0.0 0.0 0.0 0.0 0.2655 0.00741881 0.0 0.0 0.0 0.0 0.0 0.269824
1200 0.124777 0.0555461 0.00643528 3.41447e-05 2.26069e-06 0.0 0.0 0.204477 0.0358953 5.74818e-05 3.65158e-06 8.10537e-08 0.0 0.0 0.327985 0.0131916 2.63346e-05 1.68114e-06 0.0 0.0 0.0 0.250413 0.013204 0.0 0.0 0.0 0.0 0.0 0.262797 0.00733902 0.0 0.0 0.0 0.0 0.0 0.267204
1250 0.12339 0.0549093 0.00633596 3.63505e-05 4.69311e-06 0.0 0.0 0.202096 0.0355578 5.7943e-05 2.75249e-06 9.93009e-08 0.0 0.0 0.324408 0.0130615 2.59141e-05 1.09211e-06 0.0 0.0 0.0 0.24756 0.0130541 0.0 0.0 0.0 0.0 0.0 0.260019 0.00729236 0.0 0.0 0.0 0.0 0.0 0.264267
1300 0.12217 0.0543403 0.00611517 3.12056e-05 3.87325e-06 3.07567e-07 0.0 0.199875 0.0351262 5.72151e-05 3.91366e-06 0.0 0.0 0.0 0.320728 0.0129246 2.5267e-05 1.3641e-06 0.0 0.0 0.0 0.244757 0.012896 0.0 0.0 0.0 0.0 0.0 0.257261 0.00716345 0.0 0.0 0.0 0.0 0.0 0.261605
1350 0.120648 0.0535295 0.00617946 3.05528e-05 2.3713e-06 0.0 0.0 0.197546 0.0348334 5.50342e-05 4.55229e-06 8.64107e-08 0.0 0.0 0.317144 0.0127721 2.80488e-05 9.79646e-07 0.0 0.0 0.0 0.241861 0.012824 0.0 0.0 0.0 0.0 0.0 0.254367 0.00707996 0.0 0.0 0.0 0.0 0.0 0.258856
1400 0.119464 0.0528242 0.00602754 3.76646e-05 1.61196e-06 7.4195e-07 0.0 0.195234 0.0343129 5.72352e-05 5.12412e-06 8.33149e-08 0.0 0.0 0.313493 0.0126034 2.52068e-05 1.83403e-06 0.0 0.0 0.0 0.239081 0.0126473 0.0 0.0 0.0 0.0 0.0 0.251393 0.00702198 0.0 0.0 0.0 0.0 0.0 0.255933
