800 0.158584 0.0833963 0.00084916 0.0 0.0 0.0 0.0 0.279282 0.0580734 0.0 0.0 0.0 0.0 0.0 0.528254 0.042389 0.0 0.0 0.0 0.0 0.0 0.534886 0.0725419 0.0 0.0 0.0 0.0 0.0 0.566207 0.0329972 0.0 0.0 0.0 0.0 0.0 0.593478
850 0.161494 0.0801818 0.000754479 2.16217e-05 0.0 0.0 0.0 0.279577 0.0575897 0.0 0.0 0.0 0.0 0.0 0.528042 0.0434554 0.0 0.0 0.0 0.0 0.0 0.535296 0.072819 0.0 0.0 0.0 0.0 0.0 0.568236 0.0333786 0.0 0.0 0.0 0.0 0.0 0.594719
900 0.160818 0.0814437 0.00122243 6.76621e-05 0.0 0.0 0.0 0.27926 0.058405 0.0 0.0 0.0 0.0 0.0 0.528164 0.042465 0.0 0.0 0.0 0.0 0.0 0.535057 0.0725227 0.0 0.0 0.0 0.0 0.0 0.568005 0.0340135 0.0 0.0 0.0 0.0 0.0 0.599705
950 0.160054 0.0803442 0.000903668 0.0 0.0 0.0 0.0 0.279377 0.058218 0.0 0.0 0.0 0.0 0.0 0.527581 0.0426033 0.0 0.0 0.0 0.0 0.0 0.534762 0.0741182 0.0 0.0 0.0 0.0 0.0 0.566974 0.0330795 0.0 0.0 0.0 0.0 0.0 0.595716
973 0.161118 0.0793401 0.00116609 0.0 0.0 0.0 0.0 0.279069 0.0577329 0.0 0.0 0.0 0.0 0.0 0.528151 0.0432732 0.0 0.0 0.0 0.0 0.0 0.534451 0.073667 0.0 0.0 0.0 0.0 0.0 0.56759 0.0327873 0.0 0.0 0.0 0.0 0.0 0.596945
1000 0.159596 0.0818409 0.00125889 0.0 0.0 0.0 0.0 0.279999 0.0580193 0.0 0.0 0.0 0.0 0.0 0.528622 0.0425841 0.0 0.0 0.0 0.0 0.0 0.535472 0.0736105 0.0 0.0 0.0 0.0 0.0 0.566323 0.0328242 0.0 0.0 0.0 0.0 0.0 0.598754
1050 0.161079 0.081245 0.000850808 0.0 0.0 0.0 0.0 0.279743 0.0570173 0.0 0.0 0.0 0.0 0.0 0.527561 0.0433769 0.0 0.0 0.0 0.0 0.0 0.533529 0.0742164 0.0 0.0 0.0 0.0 0.0 0.568195 0.0327163 0.0 0.0 0.0 0.0 0.0 0.6029
1100 0.161844 0.0805725 0.000952484 0.0 0.0 0.0 0.0 0.279169 0.0577408 0.0 0.0 0.0 0.0 0.0 0.52867 0.0431989 0.0 0.0 0.0 0.0 0.0 0.534085 0.073685 0.0 0.0 0.0 0.0 0.0 0.568368 0.0324416 0.0 0.0 0.0 0.0 0.0 0.600085
1150 0.163252 0.0782299 0.00113011 0.0 0.0 0.0 0.0 0.279677 0.0576593 0.0 0.0 0.0 0.0 0.0 0.52807 0.0434973 0.0 0.0 0.0 0.0 0.0 0.53495 0.0741407 0.0 0.0 0.0 0.0 0.0 0.567141 0.0330999 0.0 0.0 0.0 0.0 0.0 0.603784
1200 0.163322 0.0764198 0.000632631 0.0 0.0 0.0 0.0 0.279954 0.0576964 0.0 0.0 0.0 0.0 0.0 0.527661 0.0435899 0.0 0.0 0.0 0.0 0.0 0.534727 0.0740991 0.0 0.0 0.0 0.0 0.0 0.568361 0.0321478 0.0 0.0 0.0 0.0 0.0 0.599984
1250 0.16473 0.0774969 0.000884325 0.0 0.0 0.0 0.0 0.279782 0.0576604 0.0 0.0 0.0 0.0 0.0 0.527684 0.0431897 0.0 0.0 0.0 0.0 0.0 0.53395 0.0752026 0.0 0.0 0.0 0.0 0.0 0.570524 0.0318206 0.0 0.0 0.0 0.0 0.0 0.597651
1300 0.16178 0.0791074 0.00121619 0.0 0.0 0.0 0.0 0.279792 0.0577954 0.0 0.0 0.0 0.0 0.0 0.528034 0.0429922 0.0 0.0 0.0 0.0 0.0 0.534303 0.0752804 0.0 0.0 0.0 0.0 0.0 0.569024 0.0318058 0.0 0.0 0.0 0.0 0.0 0.602519
1350 0.165839 0.0755886 0.000790477 1.49162e-05 0.0 0.0 0.0 0.279376 0.0582174 0.0 0.0 0.0 0.0 0.0 0.527497 0.0438086 0.0 0.0 0.0 0.0 0.0 0.533577 0.07393 0.0 0.0 0.0 0.0 0.0 0.569811 0.032067 0.0 0.0 0.0 0.0 0.0 0.598905
1400 0.16377 0.0764746 0.00108289 0.0 0.0 0.0 0.0 0.279273 0.0580134 0.0 0.0 0.0 0.0 0.0 0.527671 0.0435145 0.0 0.0 0.0 0.0 0.0 0.533213 0.0746107 0.0 0.0 0.0 0.0 0.0 0.568792 0.0313118 0.0 0.0 0.0 0.0 0.0 0.596581
