800 2.42745 2.23995 2.17897 2.17118 2.17089 0.0
850 2.42764 2.23995 2.17897 2.17118 2.17089 0.0
900 2.42644 2.23993 2.17897 2.17118 2.17089 0.0
950 2.42676 2.23995 2.17897 2.17118 2.17089 0.0
973 2.42701 2.23994 2.17897 2.17118 2.17089 0.0
1000 2.4278 2.23993 2.17897 2.17118 2.17089 0.0
1050 2.42729 2.23994 2.17896 2.17118 2.17089 0.0
1100 2.42594 2.23994 2.17897 2.17118 2.17089 0.0
1150 2.42665 2.23993 2.17897 2.17118 2.17089 0.0
1200 2.42683 2.23995 2.17897 2.17118 2.17089 0.0
1250 2.42597 2.23994 2.17897 2.17118 2.17089 0.0
1300 2.42611 2.23996 2.17897 2.17118 2.17089 0.0
1350 2.42723 2.23995 2.17897 2.17118 2.17089 0.0
1400 2.42659 2.23994 2.17898 2.17118 2.17089 0.0
