800 2.29922 1.51947 0.960985 1.17547 1.12261 1.0821
850 2.32033 1.53661 0.970863 1.18743 1.13367 1.09201
900 2.34998 1.5513 0.980899 1.19843 1.14301 1.10147
950 2.37236 1.56947 0.990922 1.21187 1.15524 1.11222
973 2.38085 1.5758 0.996018 1.21775 1.16079 1.11695
1000 2.39173 1.58472 1.00159 1.22385 1.16555 1.12196
1050 2.42411 1.60245 1.01247 1.23761 1.17782 1.13286
1100 2.44934 1.61899 1.02376 1.25128 1.19025 1.14366
1150 2.48513 1.639 1.03517 1.26472 1.20293 1.15611
1200 2.51221 1.65677 1.04613 1.27781 1.21487 1.16743
1250 2.53246 1.67432 1.05878 1.2916 1.22767 1.17887
1300 2.56886 1.69555 1.07019 1.30661 1.24204 1.19018
1350 2.58731 1.71495 1.08209 1.32145 1.25541 1.20321
1400 2.62036 1.7339 1.09533 1.33781 1.26997 1.21719
