800 0.00613091 0.352648 0.61452 0.0224852 0.00375356 0.000462903
850 0.00439679 0.364915 0.614546 0.014674 0.00146756 0.0
900 0.000283571 0.377483 0.596256 0.0232204 0.00239479 0.000362288
950 0.00446766 0.395697 0.56358 0.034456 0.00179857 0.0
973 0.00214607 0.36488 0.604459 0.0256476 0.00203215 0.000835291
1000 0.0013997 0.384806 0.585509 0.0234504 0.00447417 0.00036031
1050 0.00237109 0.349826 0.618523 0.025067 0.00421294 0.0
1100 0.00426194 0.376815 0.592282 0.0247755 0.00186655 0.0
1150 0.00580979 0.389888 0.576627 0.0259418 0.000521945 0.00121165
1200 0.00260289 0.368764 0.601945 0.0254174 0.00126991 0.0
1250 0.00706468 0.347194 0.61626 0.0276421 0.00183887 0.0
1300 0.00419672 0.349021 0.610169 0.0321725 0.00373753 0.000703235
1350 0.00201489 0.367325 0.595046 0.0307668 0.00411742 0.000729932
1400 0.00229829 0.354861 0.613398 0.0219041 0.00685899 0.000679589
