800 0.000165334 0.000428425 0.000431342 0.000574589 0.000854433 0.000213277 0.000147451 4.64248e-05
850 0.000208177 0.0005002 0.00041596 0.000557123 0.000871388 0.000139425 0.00021227 2.10027e-05
900 0.000190854 0.000453259 0.0003816 0.000554678 0.000949578 0.000113218 0.000177645 5.20695e-05
950 0.000237585 0.000390196 0.000372395 0.000566402 0.000913409 0.000127183 0.000196114 4.30822e-05
973 0.00018389 0.000456253 0.000362223 0.000482926 0.000868416 0.000123175 0.000179515 5.1232e-05
1000 0.000260354 0.000418525 0.000380883 0.000551813 0.00102628 0.000152507 0.000237958 6.20212e-05
1050 0.00017682 0.000469659 0.000361478 0.000533546 0.000925339 0.000129964 0.000160114 4.56655e-05
1100 0.000196247 0.000446461 0.000365385 0.000618338 0.000873306 0.000118601 0.000199645 4.22282e-05
1150 0.000205497 0.000446338 0.000367738 0.000555839 0.000901968 0.000132801 0.000224264 3.23156e-05
1200 0.000198123 0.000442293 0.000406953 0.000550914 0.000905439 0.000140573 0.000201019 3.78325e-05
1250 0.000222852 0.000475869 0.000346477 0.000562286 0.000931711 0.000147472 0.000193985 4.02177e-05
1300 0.000223838 0.000412027 0.000337797 0.0005954 0.00094339 0.000149342 0.000192927 3.10045e-05
1350 0.000220229 0.000478132 0.000393063 0.000543677 0.000925593 0.000117416 0.000209501 3.7712e-05
1400 0.00021793 0.000428628 0.000367723 0.000546063 0.000846377 0.000146681 0.000205881 4.6867e-05
