800 1.98351 1.13872 0.586031 0.480733 0.396928 0.247832
850 2.00448 1.13659 0.585606 0.480796 0.395979 0.248491
900 2.03728 1.1363 0.584607 0.481496 0.396215 0.249237
950 2.00028 1.13576 0.584556 0.481252 0.395989 0.250413
973 1.91129 1.13081 0.58413 0.481111 0.396848 0.250082
1000 2.03033 1.13925 0.584633 0.481796 0.396789 0.24982
1050 1.97218 1.13389 0.58427 0.480263 0.396817 0.250132
1100 1.95208 1.12863 0.582741 0.480378 0.396252 0.251884
1150 2.02582 1.13494 0.583427 0.480564 0.396152 0.252098
1200 2.00611 1.12705 0.582395 0.480557 0.396145 0.252589
1250 1.96681 1.13111 0.583399 0.479756 0.396926 0.253374
1300 1.88669 1.12786 0.582527 0.479572 0.396968 0.253339
1350 1.93268 1.12769 0.581791 0.479841 0.396176 0.254432
1400 1.91074 1.1287 0.581717 0.480178 0.396602 0.254663
