800 198.308 199.038 199.273 199.273 199.273 199.273
850 198.308 199.038 199.273 199.273 199.273 199.273
900 198.309 199.039 199.273 199.273 199.273 199.273
950 198.308 199.038 199.273 199.273 199.273 199.273
973 198.308 199.039 199.273 199.273 199.273 199.273
1000 198.308 199.038 199.273 199.273 199.273 199.273
1050 198.308 199.038 199.273 199.273 199.273 199.273
1100 198.308 199.038 199.273 199.273 199.273 199.273
1150 198.308 199.038 199.273 199.273 199.273 199.273
1200 198.308 199.038 199.273 199.273 199.273 199.273
1250 198.308 199.038 199.273 199.273 199.273 199.273
1300 198.308 199.038 199.273 199.273 199.273 199.273
1350 198.309 199.039 199.273 199.273 199.273 199.273
1400 198.308 199.039 199.273 199.273 199.273 199.273
