800 0.000174679 0.000454162 0.000365978 0.000596127 0.000887994 0.000137045 0.000218419 3.78065e-05
850 0.000211182 0.000379946 0.000344623 0.000517126 0.000961554 0.000140228 0.000193372 6.4352e-05
900 0.000214376 0.000460534 0.000352216 0.0006473 0.000912466 0.000149538 0.000236069 3.15721e-05
950 0.000176113 0.000441538 0.000392779 0.000531365 0.000837306 0.000119609 0.000161184 3.61199e-05
973 0.000229832 0.000360719 0.000422608 0.000572898 0.000944625 0.000102523 0.000217901 4.49902e-05
1000 0.000188367 0.000438427 0.000366056 0.000510221 0.000858041 0.000142144 0.000211617 3.90551e-05
1050 0.000183295 0.000506232 0.00031707 0.000642582 0.000926465 0.000152517 0.000224418 4.23898e-05
1100 0.000207049 0.000457638 0.000414256 0.00060155 0.000886328 0.000123311 0.000199279 3.8872e-05
1150 0.000300575 0.000488884 0.000374155 0.00053688 0.000958481 0.000126766 0.000210151 3.8806e-05
1200 0.000257403 0.000425105 0.0004212 0.000529078 0.000950518 0.000141951 0.000204232 4.30275e-05
1250 0.000232274 0.000418274 0.000372126 0.000598718 0.000975508 0.000158387 0.000231493 5.76649e-05
1300 0.000187077 0.000408958 0.000415857 0.000577999 0.000913909 0.0001419 0.000221596 4.85145e-05
1350 0.000201459 0.000405665 0.000405506 0.000535091 0.000905661 0.000113733 0.00019279 3.57885e-05
1400 0.00020171 0.000458961 0.000449071 0.000579326 0.000920672 0.000158222 0.000235894 2.02024e-05
