800 3.98724e-10 7.5505e-10 2.6808e-09 6.72072e-09 1.56427e-08 4.55291e-08
850 3.9853e-10 7.55123e-10 2.68141e-09 6.72011e-09 1.56409e-08 4.53588e-08
900 3.98537e-10 7.55005e-10 2.68127e-09 6.72249e-09 1.5631e-08 4.54657e-08
950 3.98918e-10 7.55033e-10 2.68046e-09 6.72159e-09 1.56281e-08 4.51901e-08
973 3.98647e-10 7.55074e-10 2.68032e-09 6.72361e-09 1.56267e-08 4.52207e-08
1000 3.98656e-10 7.55043e-10 2.6808e-09 6.72363e-09 1.5629e-08 4.51664e-08
1050 3.98644e-10 7.55315e-10 2.68084e-09 6.72247e-09 1.56385e-08 4.49568e-08
1100 3.98627e-10 7.55056e-10 2.68058e-09 6.72618e-09 1.56271e-08 4.5096e-08
1150 3.98555e-10 7.55335e-10 2.6789e-09 6.72577e-09 1.56365e-08 4.48497e-08
1200 3.98568e-10 7.55396e-10 2.67863e-09 6.72623e-09 1.56291e-08 4.48356e-08
1250 3.98624e-10 7.55345e-10 2.67933e-09 6.72744e-09 1.56376e-08 4.48302e-08
1300 3.98773e-10 7.55372e-10 2.6785e-09 6.72808e-09 1.56296e-08 4.46261e-08
1350 3.98184e-10 7.55959e-10 2.67839e-09 6.73049e-09 1.56334e-08 4.45594e-08
1400 3.98415e-10 7.55245e-10 2.67792e-09 6.73205e-09 1.56337e-08 4.44544e-08
