800 0.000223172 0.000448984 0.000392671 0.000611263 0.000956741 0.000148971 0.000208298 4.37884e-05
850 0.000225261 0.000450009 0.000392785 0.000616229 0.000963396 0.00014911 0.000204472 4.55982e-05
900 0.000224146 0.000445984 0.000397869 0.000609801 0.000961289 0.000149661 0.00020571 4.36847e-05
950 0.000226831 0.000449655 0.000396595 0.000610362 0.000957312 0.000149882 0.000204815 4.52369e-05
973 0.000221577 0.000445737 0.000393521 0.000607261 0.000962107 0.000152524 0.000206622 4.42776e-05
1000 0.000223168 0.000446616 0.000391704 0.000609333 0.000962913 0.00014945 0.000206078 4.48185e-05
1050 0.000225522 0.000455102 0.000396637 0.000608073 0.000973013 0.000148926 0.000204199 4.3857e-05
1100 0.000227486 0.000444441 0.000395463 0.000611093 0.000966084 0.00014596 0.000207272 4.51772e-05
1150 0.000225422 0.000447147 0.000392441 0.000609018 0.000963522 0.000147773 0.000210658 4.47142e-05
1200 0.000226656 0.000454558 0.000392704 0.000611076 0.000960496 0.000150405 0.000205841 4.47358e-05
1250 0.000224099 0.000450205 0.000394754 0.000610209 0.000957781 0.000147857 0.000202543 4.43544e-05
1300 0.000229526 0.000444465 0.000395069 0.000611799 0.000960167 0.000150957 0.000209213 4.60269e-05
1350 0.000224615 0.000454657 0.000390715 0.000613394 0.000971963 0.000148009 0.000207556 4.4788e-05
1400 0.000227128 0.000450456 0.000394556 0.000616104 0.000963095 0.000151147 0.00020349 4.61889e-05
