800 2.73768 2.56202 2.49959 2.49193 2.49026 2.49098
850 2.7378 2.56202 2.49959 2.49193 2.49026 2.49099
900 2.73785 2.56199 2.49959 2.49193 2.49026 2.49098
950 2.73759 2.56199 2.4996 2.49193 2.49025 2.49101
973 2.73778 2.56201 2.4996 2.49193 2.49025 2.491
1000 2.73791 2.56202 2.49959 2.49193 2.49026 2.49102
1050 2.7377 2.562 2.49959 2.49193 2.49026 2.49103
1100 2.73806 2.56199 2.49959 2.49192 2.49026 2.49103
1150 2.73778 2.56196 2.49961 2.49192 2.49026 2.49104
1200 2.73825 2.56199 2.49961 2.49192 2.49026 2.49105
1250 2.73721 2.56199 2.4996 2.49192 2.49026 2.49105
1300 2.73731 2.56198 2.49961 2.49192 2.49025 2.49106
1350 2.73883 2.56196 2.49962 2.49192 2.49026 2.49107
1400 2.7389 2.56201 2.49961 2.49191 2.49026 2.49108
