800 1.46428e+19 9.21719e+19 3.76611e+20 3.73522e+20 3.97294e+20 2.80612e+20
850 1.51522e+19 9.49868e+19 3.87874e+20 3.84488e+20 4.0847e+20 2.84919e+20
900 1.5553e+19 9.78549e+19 3.99859e+20 3.95521e+20 4.18369e+20 2.86411e+20
950 1.60582e+19 1.00963e+20 4.12448e+20 4.07861e+20 4.3042e+20 2.90712e+20
973 1.62984e+19 1.02482e+20 4.18488e+20 4.13753e+20 4.3624e+20 2.92534e+20
1000 1.65543e+19 1.03865e+20 4.2416e+20 4.19274e+20 4.41313e+20 2.94115e+20
1050 1.70329e+19 1.07363e+20 4.38364e+20 4.33084e+20 4.55086e+20 2.98784e+20
1100 1.75716e+19 1.10786e+20 4.52297e+20 4.46344e+20 4.67765e+20 3.03009e+20
1150 1.8132e+19 1.14215e+20 4.66645e+20 4.60367e+20 4.81296e+20 3.0743e+20
1200 1.87578e+19 1.18059e+20 4.8163e+20 4.74043e+20 4.94485e+20 3.12538e+20
1250 1.9435e+19 1.21959e+20 4.97883e+20 4.89698e+20 5.09423e+20 3.17193e+20
1300 1.99891e+19 1.25936e+20 5.13104e+20 5.04699e+20 5.24234e+20 3.22355e+20
1350 2.07424e+19 1.30269e+20 5.30525e+20 5.21202e+20 5.40625e+20 3.28835e+20
1400 2.13975e+19 1.34487e+20 5.47876e+20 5.37617e+20 5.56106e+20 3.33561e+20
