800 4.03536e-10 7.99452e-10 2.44721e-09 7.13704e-09 1.64113e-08 4.92786e-08
850 4.0355e-10 7.99464e-10 2.44702e-09 7.13701e-09 1.64087e-08 4.91031e-08
900 4.03494e-10 7.99454e-10 2.44712e-09 7.13654e-09 1.64057e-08 4.88751e-08
950 4.03467e-10 7.99404e-10 2.44688e-09 7.13654e-09 1.64022e-08 4.87741e-08
973 4.03475e-10 7.99582e-10 2.44687e-09 7.13699e-09 1.64012e-08 4.86776e-08
1000 4.03405e-10 7.99477e-10 2.44584e-09 7.13612e-09 1.63996e-08 4.85904e-08
1050 4.03537e-10 7.99475e-10 2.44636e-09 7.1365e-09 1.63988e-08 4.83972e-08
1100 4.03471e-10 7.99482e-10 2.44681e-09 7.13601e-09 1.63942e-08 4.82677e-08
1150 4.03534e-10 7.99583e-10 2.44623e-09 7.13623e-09 1.63917e-08 4.81304e-08
1200 4.03482e-10 7.99523e-10 2.44611e-09 7.13599e-09 1.63917e-08 4.80017e-08
1250 4.03452e-10 7.99586e-10 2.4456e-09 7.13533e-09 1.63896e-08 4.78526e-08
1300 4.03406e-10 7.99415e-10 2.4464e-09 7.13603e-09 1.63893e-08 4.76733e-08
1350 4.03506e-10 7.99499e-10 2.44577e-09 7.13608e-09 1.6385e-08 4.75798e-08
1400 4.03518e-10 7.99405e-10 2.44547e-09 7.13581e-09 1.63821e-08 4.73829e-08
