800 1.69727 1.4103 0.740125 0.232603 0.228941 0.233437
850 1.69479 1.41006 0.7401 0.232637 0.228841 0.233331
900 1.69571 1.40969 0.739945 0.23258 0.228779 0.233234
950 1.69395 1.40957 0.739929 0.232549 0.228652 0.233118
973 1.69455 1.40994 0.739885 0.232559 0.228661 0.233094
1000 1.69738 1.41004 0.740099 0.232517 0.228597 0.233033
1050 1.69529 1.40934 0.739966 0.232551 0.228534 0.232922
1100 1.69386 1.40957 0.739689 0.232472 0.228451 0.232824
1150 1.69416 1.40915 0.739795 0.232482 0.228373 0.232748
1200 1.69548 1.40929 0.739803 0.232466 0.228307 0.23265
1250 1.6958 1.40901 0.739808 0.232441 0.22825 0.232586
1300 1.69408 1.40904 0.739613 0.232453 0.228174 0.232489
1350 1.69351 1.40933 0.739738 0.23243 0.22813 0.232349
1400 1.6943 1.40879 0.739782 0.232397 0.228055 0.232287
