800 0.00610994 0.00402163 0.00441461 0.00675748 0.0138701 0.0349986
850 0.00604407 0.00397901 0.00436937 0.00668568 0.0137231 0.034571
900 0.00598257 0.00393931 0.00432379 0.00661833 0.0135808 0.0342916
950 0.00592262 0.00389746 0.00427794 0.00654946 0.0134367 0.033778
973 0.0058925 0.00387801 0.00425689 0.00651821 0.013369 0.0336314
1000 0.00585832 0.00385592 0.00423305 0.00648149 0.0132945 0.0333855
1050 0.00579429 0.00381336 0.00418708 0.00641057 0.0131622 0.0329658
1100 0.0057322 0.00377315 0.00414154 0.00634364 0.0130057 0.0325514
1150 0.00566855 0.00373096 0.00409535 0.00627434 0.0128739 0.0321014
1200 0.0056078 0.00368879 0.00404976 0.00620433 0.0127284 0.0317326
1250 0.00553868 0.00364748 0.00400449 0.00613436 0.0125918 0.0314107
1300 0.00547854 0.00360627 0.00395869 0.00606613 0.0124422 0.0309494
1350 0.00541861 0.00356294 0.00391314 0.0059985 0.0123018 0.0305585
1400 0.00535772 0.00352322 0.00386741 0.00592955 0.0121589 0.0301473
