800 0.136202 0.0606124 0.00686836 3.8298e-05 1.6126e-06 4.73874e-07 0.0 0.222842 0.0390778 6.28747e-05 4.93527e-06 0.0 0.0 0.0 0.357234 0.0144133 2.9212e-05 1.23521e-06 0.0 0.0 0.0 0.272171 0.0142773 0.0 0.0 0.0 0.0 0.0 0.28479 0.00808027 0.0 0.0 0.0 0.0 0.0 0.288999
850 0.134568 0.0599968 0.00687965 4.2208e-05 1.73152e-06 0.0 0.0 0.220576 0.0386626 6.65427e-05 3.34881e-06 2.37247e-07 0.0 0.0 0.353457 0.0142945 2.91593e-05 1.49486e-06 0.0 0.0 0.0 0.269342 0.0142035 0.0 0.0 0.0 0.0 0.0 0.282074 0.00794773 0.0 0.0 0.0 0.0 0.0 0.286117
900 0.133234 0.0594555 0.00681448 4.08631e-05 3.99305e-06 0.0 0.0 0.218231 0.0383072 6.41572e-05 4.65507e-06 0.0 0.0 0.0 0.349822 0.0141159 2.72949e-05 1.7574e-06 0.0 0.0 0.0 0.266783 0.0140236 0.0 0.0 0.0 0.0 0.0 0.279418 0.00785156 0.0 0.0 0.0 0.0 0.0 0.283587
950 0.13175 0.0587369 0.00671564 3.97297e-05 2.44396e-06 0.0 0.0 0.215995 0.0378593 6.48173e-05 4.32093e-06 2.49776e-07 0.0 0.0 0.346222 0.0139934 2.74606e-05 2.00189e-06 0.0 0.0 0.0 0.264008 0.0138618 0.0 0.0 0.0 0.0 0.0 0.276591 0.00781634 0.0 0.0 0.0 0.0 0.0 0.280929
973 0.131078 0.058548 0.00669029 4.3904e-05 3.51845e-06 4.44731e-07 0.0 0.214931 0.0376668 6.38119e-05 3.16396e-06 1.24776e-07 0.0 0.0 0.344463 0.0139321 2.74738e-05 1.49343e-06 0.0 0.0 0.0 0.262666 0.0138187 0.0 0.0 0.0 0.0 0.0 0.275404 0.00773277 0.0 0.0 0.0 0.0 0.0 0.279543
1000 0.130229 0.0580917 0.00677754 3.70273e-05 4.20232e-07 0.0 0.0 0.213725 0.0374586 5.5649e-05 3.39058e-06 1.1206e-07 0.0 0.0 0.342624 0.0138383 2.52589e-05 1.24008e-06 0.0 0.0 0.0 0.261344 0.0137806 0.0 0.0 0.0 0.0 0.0 0.273958 0.00769673 0.0 0.0 0.0 0.0 0.0 0.278085
1050 0.128924 0.0574067 0.00668455 3.80242e-05 3.44575e-06 0.0 0.0 0.21133 0.0370903 6.1489e-05 3.68904e-06 8.74778e-08 0.0 0.0 0.338869 0.0136897 2.50574e-05 1.44773e-06 0.0 0.0 0.0 0.258519 0.0136294 0.0 0.0 0.0 0.0 0.0 0.271142 0.00759922 0.0 0.0 0.0 0.0 0.0 0.275199
1100 0.127691 0.0567556 0.00656004 4.25452e-05 4.02008e-06 0.0 0.0 0.209093 0.0366556 5.99832e-05 4.82003e-06 1.04018e-07 0.0 0.0 0.335291 0.0135223 2.66966e-05 1.58268e-06 0.0 0.0 0.0 0.255765 0.0134533 0.0 0.0 0.0 0.0 0.0 0.268351 0.00753048 0.0 0.0 0.0 0.0 0.0 0.272652
1150 0.126272 0.0561422 0.00644985 3.46138e-05 1.6995e-06 6.85568e-07 0.0 0.206815 0.0361966 5.85927e-05 4.74676e-06 1.91804e-07 0.0 0.0 0.331601 0.0133697 2.59024e-05 1.40768e-06 0.0 0.0 0.0 0.252881 0.0133508 0.0 0.0 0.0 0.0 0.0 0.2656 0.0074181 0.0 0.0 0.0 0.0 0.0 0.269916
1200 0.124888 0.055314 0.0064126 4.04611e-05 3.90957e-06 3.50405e-07 0.0 0.204414 0.0359645 6.34922e-05 4.4463e-06 0.0 0.0 0.0 0.328009 0.0131963 2.68949e-05 1.94882e-06 0.0 0.0 0.0 0.250412 0.0131923 0.0 0.0 0.0 0.0 0.0 0.262876 0.00734514 0.0 0.0 0.0 0.0 0.0 0.267127
1250 0.123525 0.0548365 0.00633405 3.71263e-05 3.44952e-06 0.0 0.0 0.202092 0.0355837 5.37595e-05 3.8871e-06 1.85179e-07 0.0 0.0 0.324384 0.0130464 2.61547e-05 1.26133e-06 0.0 0.0 0.0 0.247554 0.0130765 0.0 0.0 0.0 0.0 0.0 0.259968 0.00726905 0.0 0.0 0.0 0.0 0.0 0.264334
1300 0.122173 0.0542074 0.0062459 4.01484e-05 2.59056e-06 0.0 0.0 0.199829 0.0350719 5.55712e-05 4.86274e-06 0.0 0.0 0.0 0.320703 0.0129212 2.79447e-05 1.19855e-06 0.0 0.0 0.0 0.244675 0.0129669 0.0 0.0 0.0 0.0 0.0 0.257202 0.00716304 0.0 0.0 0.0 0.0 0.0 0.261572
1350 0.120513 0.0538152 0.0061477 3.67032e-05 3.09539e-06 4.09814e-07 0.0 0.197488 0.0347867 5.66664e-05 4.47276e-06 1.05724e-07 0.0 0.0 0.317083 0.0127537 2.60231e-05 1.24094e-06 0.0 0.0 0.0 0.241949 0.0127927 0.0 0.0 0.0 0.0 0.0 0.254359 0.00712156 0.0 0.0 0.0 0.0 0.0 0.258827
1400 0.119257 0.0529228 0.00606293 3.49545e-05 3.38432e-06 0.0 0.0 0.195349 0.034267 5.60853e-05 4.67698e-06 1.81189e-07 0.0 0.0 0.313365 0.0126239 2.51932e-05 1.46213e-06 0.0 0.0 0.0 0.239085 0.0126363 0.0 0.0 0.0 0.0 0.0 0.251432 0.00703631 0.0 0.0 0.0 0.0 0.0 0.255859
