800 2.7372 2.562 2.49948 2.49205 2.49019 2.49126
850 2.73719 2.562 2.49948 2.49205 2.49019 2.49127
900 2.73721 2.562 2.49948 2.49205 2.49019 2.49128
950 2.7372 2.562 2.49948 2.49205 2.49019 2.49129
973 2.73725 2.562 2.49948 2.49205 2.49019 2.49129
1000 2.73712 2.562 2.49948 2.49205 2.49019 2.4913
1050 2.73725 2.562 2.49948 2.49205 2.49019 2.49131
1100 2.73727 2.562 2.49948 2.49205 2.49019 2.49131
1150 2.73729 2.562 2.49949 2.49205 2.49019 2.49132
1200 2.73726 2.562 2.49949 2.49205 2.49019 2.49133
1250 2.7373 2.56201 2.49949 2.49205 2.49019 2.49134
1300 2.73722 2.56201 2.49949 2.49205 2.49019 2.49135
1350 2.73729 2.56201 2.49949 2.49205 2.49019 2.49136
1400 2.73727 2.56201 2.4995 2.49205 2.49018 2.49136
