800 2.28772 1.52321 0.966804 1.17688 1.12423 1.08697
850 2.3115 1.53904 0.976872 1.18911 1.13519 1.09674
900 2.33646 1.55528 0.987061 1.20057 1.14581 1.10674
950 2.36065 1.57186 0.99753 1.2133 1.15729 1.11713
973 2.37261 1.5796 1.00243 1.21926 1.16263 1.12199
1000 2.38625 1.58851 1.00803 1.22527 1.16834 1.12749
1050 2.41209 1.6059 1.01912 1.23873 1.18049 1.13853
1100 2.43852 1.62368 1.03027 1.25237 1.19285 1.1497
1150 2.46554 1.64184 1.04172 1.26627 1.20547 1.16105
1200 2.49385 1.66014 1.0533 1.27896 1.21746 1.17272
1250 2.52195 1.67901 1.06526 1.29347 1.23078 1.18483
1300 2.55092 1.69842 1.0775 1.30838 1.24429 1.19715
1350 2.58079 1.7181 1.08997 1.32363 1.25822 1.20985
1400 2.6112 1.73839 1.10276 1.3392 1.27254 1.22278
