800 0.211081 0.0743036 0.0158423 0.000141757 1.58222e-05 1.7585e-06 0.0 0.267299 0.0185074 8.52297e-05 1.26217e-05 1.06766e-06 0.0 0.0 0.515762 0.00878887 2.03058e-05 5.44214e-07 0.0 0.0 0.0 1.51337 0.0308626 1.19213e-08 0.0 0.0 0.0 0.0 1.49587 0.015272 0.0 0.0 0.0 0.0 0.0 1.41459
850 0.210888 0.0744937 0.0158169 0.000136032 1.50617e-05 2.1448e-06 0.0 0.267288 0.0185306 8.58786e-05 1.14892e-05 9.50154e-07 0.0 0.0 0.51574 0.00879153 2.03613e-05 4.82356e-07 0.0 0.0 0.0 1.51335 0.0308411 1.25117e-08 0.0 0.0 0.0 0.0 1.49649 0.0152585 0.0 0.0 0.0 0.0 0.0 1.41504
900 0.211077 0.0742101 0.0158764 0.000141801 1.61042e-05 2.42312e-06 0.0 0.267315 0.0185273 8.61836e-05 1.31065e-05 1.08693e-06 0.0 0.0 0.515815 0.00879664 1.99402e-05 4.41204e-07 0.0 0.0 0.0 1.51354 0.0308254 0.0 0.0 0.0 0.0 0.0 1.49694 0.0152403 0.0 0.0 0.0 0.0 0.0 1.41561
950 0.211064 0.0744856 0.015761 0.000138858 1.60407e-05 1.79487e-06 0.0 0.267377 0.0185312 8.52858e-05 1.197e-05 1.0517e-06 0.0 0.0 0.51584 0.00878799 2.00703e-05 4.92762e-07 0.0 0.0 0.0 1.51369 0.0308093 1.16186e-08 0.0 0.0 0.0 0.0 1.49758 0.0152233 0.0 0.0 0.0 0.0 0.0 1.41611
973 0.210889 0.0744737 0.0158538 0.000139304 1.64601e-05 1.74353e-06 0.0 0.267378 0.0185102 8.57423e-05 1.21089e-05 9.9268e-07 0.0 0.0 0.515872 0.00878367 1.97712e-05 4.47075e-07 0.0 0.0 0.0 1.5136 0.0308304 1.1578e-08 0.0 0.0 0.0 0.0 1.49767 0.0152 0.0 0.0 0.0 0.0 0.0 1.41622
1000 0.210886 0.0744878 0.0158169 0.000138615 1.52117e-05 1.66742e-06 0.0 0.267321 0.0185115 8.69929e-05 1.16062e-05 9.75986e-07 0.0 0.0 0.51571 0.00878292 1.93654e-05 4.58077e-07 0.0 0.0 0.0 1.51383 0.0308233 2.2506e-08 0.0 0.0 0.0 0.0 1.49792 0.0151979 0.0 0.0 0.0 0.0 0.0 1.41649
1050 0.210986 0.074342 0.0158617 0.000145039 1.55326e-05 1.86419e-06 0.0 0.267329 0.0185306 8.79125e-05 1.17446e-05 9.91525e-07 0.0 0.0 0.515787 0.00878274 1.96198e-05 5.51164e-07 0.0 0.0 0.0 1.51378 0.0308344 1.17152e-08 0.0 0.0 0.0 0.0 1.49834 0.0151851 0.0 0.0 0.0 0.0 0.0 1.41711
1100 0.210793 0.0744531 0.0159502 0.000145013 1.52406e-05 2.01902e-06 0.0 0.26742 0.0185064 8.8624e-05 1.18087e-05 9.20126e-07 0.0 0.0 0.515931 0.00878614 2.04101e-05 5.46265e-07 0.0 0.0 0.0 1.51413 0.0308136 3.28141e-08 0.0 0.0 0.0 0.0 1.4989 0.0151443 0.0 0.0 0.0 0.0 0.0 1.41757
1150 0.210823 0.0745068 0.0159104 0.0001366 1.56731e-05 2.48841e-06 0.0 0.267408 0.0185357 8.49325e-05 1.16739e-05 9.40107e-07 0.0 0.0 0.515876 0.00877788 1.9697e-05 4.73569e-07 0.0 0.0 0.0 1.51397 0.030823 3.28547e-08 0.0 0.0 0.0 0.0 1.49932 0.0151473 0.0 0.0 0.0 0.0 0.0 1.41798
1200 0.211048 0.0743602 0.0158488 0.000137721 1.88087e-05 2.02459e-06 0.0 0.267432 0.018517 8.62336e-05 1.17544e-05 8.91143e-07 0.0 0.0 0.515802 0.00877454 2.00823e-05 5.78719e-07 0.0 0.0 0.0 1.51412 0.0307918 0.0 0.0 0.0 0.0 0.0 1.49963 0.0151358 0.0 0.0 0.0 0.0 0.0 1.41844
1250 0.21088 0.074533 0.0158073 0.000133197 1.6627e-05 1.6267e-06 0.0 0.267485 0.0185356 8.83754e-05 1.25156e-05 1.03434e-06 0.0 0.0 0.515832 0.00877833 1.91727e-05 4.25204e-07 0.0 0.0 0.0 1.51441 0.0307787 0.0 0.0 0.0 0.0 0.0 1.49997 0.0151234 0.0 0.0 0.0 0.0 0.0 1.41884
1300 0.210928 0.0744242 0.015864 0.000142812 1.67988e-05 1.99583e-06 0.0 0.267493 0.0185209 8.41263e-05 1.23198e-05 8.11987e-07 0.0 0.0 0.515959 0.00877796 1.98206e-05 4.91548e-07 0.0 0.0 0.0 1.51425 0.0308103 2.12517e-08 0.0 0.0 0.0 0.0 1.50036 0.0151267 0.0 0.0 0.0 0.0 0.0 1.41927
1350 0.211023 0.0744199 0.0157329 0.000142733 1.86942e-05 2.04145e-06 0.0 0.2675 0.0185382 8.67244e-05 1.18505e-05 9.35825e-07 0.0 0.0 0.515875 0.00877341 1.95643e-05 5.0592e-07 0.0 0.0 0.0 1.5142 0.0308232 1.00298e-08 0.0 0.0 0.0 0.0 1.50085 0.0150899 0.0 0.0 0.0 0.0 0.0 1.41997
1400 0.210779 0.0744378 0.01592 0.000139263 1.70418e-05 1.50897e-06 0.0 0.267504 0.018534 8.91992e-05 1.16511e-05 1.00187e-06 0.0 0.0 0.515859 0.00877407 1.99954e-05 5.20771e-07 0.0 0.0 0.0 1.51445 0.0308289 9.91859e-09 0.0 0.0 0.0 0.0 1.50121 0.0150745 0.0 0.0 0.0 0.0 0.0 1.42029
