800 0.0715431 0.0409376 0.0182275 0.0204401 0.0200578 0.0271682
850 0.0708033 0.0405127 0.0180342 0.0202275 0.0198709 0.0270239
900 0.0700698 0.040094 0.0178431 0.0200231 0.019694 0.0268863
950 0.0693369 0.0396665 0.0176531 0.0198109 0.0195067 0.0267384
973 0.0690044 0.0394732 0.0175646 0.0197136 0.0194223 0.0266667
1000 0.0686024 0.0392551 0.0174645 0.0196086 0.0193279 0.0265962
1050 0.0678547 0.0388193 0.0172702 0.0193912 0.0191354 0.0264252
1100 0.067128 0.0383954 0.0170803 0.0191795 0.0189408 0.0262498
1150 0.0663854 0.0379796 0.0168869 0.0189658 0.0187468 0.0260666
1200 0.0656496 0.0375539 0.0166966 0.0187649 0.0185648 0.0258876
1250 0.0648886 0.037125 0.0165057 0.0185511 0.0183753 0.0257125
1300 0.0641585 0.0367031 0.0163132 0.0183384 0.018173 0.025499
1350 0.063434 0.0362822 0.0161204 0.0181216 0.0179757 0.0253128
1400 0.0626888 0.0358554 0.0159284 0.0179096 0.0177745 0.0250981
