800 0.324839 0.537273 0.136027 0.00171716 0.000144219 0.0
850 0.315809 0.539969 0.142112 0.00184254 0.000267271 0.0
900 0.323643 0.531511 0.14264 0.00185503 0.000319768 3.13786e-05
950 0.322569 0.534471 0.141328 0.00139453 0.000238098 0.0
973 0.320949 0.535508 0.141575 0.00183981 0.000127896 0.0
1000 0.32423 0.534808 0.139518 0.00140647 3.75165e-05 0.0
1050 0.322356 0.535592 0.140351 0.00144749 0.000253414 0.0
1100 0.322155 0.538704 0.137315 0.00149359 0.000332537 0.0
1150 0.320328 0.534473 0.14364 0.00132534 0.000232832 0.0
1200 0.322461 0.537996 0.137691 0.00162899 0.000178049 4.46084e-05
1250 0.323212 0.536805 0.137612 0.00189959 0.000471076 0.0
1300 0.320854 0.540731 0.136554 0.00166114 0.000200564 0.0
1350 0.317963 0.540863 0.13924 0.00163263 0.00030136 0.0
1400 0.323662 0.532705 0.14204 0.00128794 0.000276597 2.86024e-05
