800 1.11549e+21 4.40889e+21 1.09054e+22 7.57487e+21 4.9654e+21 1.2714e+21
850 1.13033e+21 4.46645e+21 1.10461e+22 7.66885e+21 5.02073e+21 1.27593e+21
900 1.14577e+21 4.52871e+21 1.11972e+22 7.76655e+21 5.07351e+21 1.27952e+21
950 1.16161e+21 4.59064e+21 1.13464e+22 7.86531e+21 5.13135e+21 1.28417e+21
973 1.16916e+21 4.61984e+21 1.14163e+22 7.91068e+21 5.15684e+21 1.28654e+21
1000 1.17822e+21 4.65426e+21 1.15004e+22 7.96475e+21 5.18522e+21 1.28835e+21
1050 1.19456e+21 4.71882e+21 1.16545e+22 8.06572e+21 5.24386e+21 1.29437e+21
1100 1.21004e+21 4.7812e+21 1.18059e+22 8.16573e+21 5.30363e+21 1.30151e+21
1150 1.22672e+21 4.84595e+21 1.19631e+22 8.2698e+21 5.36466e+21 1.30799e+21
1200 1.24453e+21 4.9153e+21 1.21294e+22 8.375e+21 5.42111e+21 1.31399e+21
1250 1.26269e+21 4.98507e+21 1.22944e+22 8.48329e+21 5.48338e+21 1.32077e+21
1300 1.27999e+21 5.0532e+21 1.24607e+22 8.59099e+21 5.54739e+21 1.32946e+21
1350 1.29752e+21 5.12239e+21 1.26278e+22 8.70149e+21 5.61332e+21 1.338e+21
1400 1.3158e+21 5.19383e+21 1.27982e+22 8.81221e+21 5.67972e+21 1.34698e+21
