800 0.00195014 0.359846 0.606114 0.0320891 0.0 0.0
850 0.00998796 0.343451 0.622701 0.021141 0.00271984 0.0
900 0.00881602 0.379151 0.584807 0.0201033 0.00712294 0.0
950 0.00428869 0.37204 0.601255 0.0211871 0.00122891 0.0
973 0.0107801 0.3535 0.604448 0.0260911 0.00518109 0.0
1000 0.00668721 0.398625 0.562971 0.0262405 0.00547665 0.0
1050 0.0 0.393676 0.580851 0.0243118 0.0011613 0.0
1100 0.00645108 0.367116 0.596714 0.0297195 0.0 0.0
1150 0.00346399 0.368086 0.60217 0.0212004 0.000460781 0.00461894
1200 0.0051066 0.396966 0.573126 0.0209909 0.00381062 0.0
1250 0.00753082 0.364944 0.611945 0.0155803 0.0 0.0
1300 0.00943205 0.409365 0.55624 0.0249632 0.0 0.0
1350 0.00324125 0.388164 0.580722 0.0256985 0.00217391 0.0
1400 0.0080876 0.377471 0.57857 0.0348608 0.00101025 0.0
