800 0.00611826 0.362873 0.609895 0.0211139 0.0 0.0
850 0.00319931 0.394059 0.574828 0.0167917 0.00873491 0.00238663
900 0.00582827 0.363217 0.593028 0.0379265 0.0 0.0
950 0.00536347 0.381726 0.588413 0.0213757 0.00312151 0.0
973 0.00304089 0.342901 0.616886 0.0342114 0.00220985 0.000751004
1000 0.00288759 0.372978 0.598039 0.0260951 0.0 0.0
1050 0.00470588 0.380996 0.583903 0.0268428 0.00355182 0.0
1100 0.00455932 0.391475 0.56776 0.033948 0.00225734 0.0
1150 0.00683996 0.378859 0.588175 0.0238683 0.00225734 0.0
1200 0.00905576 0.380905 0.586923 0.0210196 0.00209701 0.0
1250 0.0048383 0.378954 0.577732 0.0366264 0.00184936 0.0
1300 0.00867215 0.361214 0.597305 0.0295462 0.00217391 0.00108899
