800 3.98613e-10 7.55178e-10 2.68228e-09 6.72103e-09 1.56447e-08 4.55881e-08
850 3.98711e-10 7.55397e-10 2.68111e-09 6.72174e-09 1.56413e-08 4.56696e-08
900 3.98436e-10 7.55068e-10 2.6809e-09 6.7239e-09 1.56454e-08 4.55069e-08
950 3.98807e-10 7.5527e-10 2.6795e-09 6.72478e-09 1.5636e-08 4.5472e-08
973 3.9867e-10 7.55158e-10 2.68218e-09 6.72703e-09 1.56386e-08 4.53174e-08
1000 3.98596e-10 7.55487e-10 2.68174e-09 6.72403e-09 1.56396e-08 4.5217e-08
1050 3.98832e-10 7.55222e-10 2.68081e-09 6.72697e-09 1.56393e-08 4.53731e-08
1100 3.98463e-10 7.55522e-10 2.67972e-09 6.72711e-09 1.56383e-08 4.50687e-08
1150 3.98591e-10 7.55342e-10 2.67978e-09 6.72816e-09 1.56433e-08 4.50872e-08
1200 3.9867e-10 7.55403e-10 2.6808e-09 6.72722e-09 1.56435e-08 4.50325e-08
1250 3.9853e-10 7.5521e-10 2.67987e-09 6.72912e-09 1.56364e-08 4.47383e-08
1300 3.98679e-10 7.55442e-10 2.67963e-09 6.72962e-09 1.56449e-08 4.47824e-08
