800 4.9963e+18 2.0104e+19 5.10193e+19 3.42306e+19 2.63179e+19 8.75109e+18
850 5.15025e+18 2.07621e+19 5.25989e+19 3.54095e+19 2.73073e+19 8.99487e+18
900 5.25252e+18 2.11975e+19 5.38462e+19 3.61563e+19 2.78169e+19 9.10015e+18
950 5.39618e+18 2.18168e+19 5.52734e+19 3.70647e+19 2.85043e+19 9.27197e+18
973 5.46984e+18 2.20598e+19 5.60251e+19 3.75038e+19 2.89943e+19 9.45746e+18
1000 5.51684e+18 2.2348e+19 5.67269e+19 3.80312e+19 2.93167e+19 9.51806e+18
1050 5.73129e+18 2.31815e+19 5.88565e+19 3.94012e+19 3.04139e+19 9.78949e+18
1100 5.87685e+18 2.36603e+19 6.00346e+19 4.01475e+19 3.09508e+19 9.89838e+18
1150 5.98157e+18 2.42166e+19 6.14792e+19 4.10947e+19 3.1733e+19 1.0198e+19
1200 6.17252e+18 2.49285e+19 6.30886e+19 4.21335e+19 3.25701e+19 1.03782e+19
1250 6.33166e+18 2.56086e+19 6.50845e+19 4.34368e+19 3.36867e+19 1.07593e+19
1300 6.55073e+18 2.64853e+19 6.73122e+19 4.48556e+19 3.47452e+19 1.10332e+19
