800 1.58612e+19 1.47497e+20 4.97265e+20 1.90856e+20 2.11173e+20 8.67308e+19
850 1.61652e+19 1.50583e+20 5.08036e+20 1.9494e+20 2.15509e+20 8.81584e+19
900 1.65331e+19 1.54116e+20 5.18907e+20 1.98911e+20 2.1967e+20 8.92348e+19
950 1.693e+19 1.577e+20 5.31454e+20 2.03437e+20 2.24442e+20 9.05856e+19
973 1.71126e+19 1.59111e+20 5.36245e+20 2.05376e+20 2.26447e+20 9.1258e+19
1000 1.73172e+19 1.61018e+20 5.42873e+20 2.07661e+20 2.28899e+20 9.18766e+19
1050 1.76885e+19 1.64498e+20 5.54688e+20 2.12214e+20 2.33687e+20 9.32982e+19
1100 1.80223e+19 1.67762e+20 5.65375e+20 2.16407e+20 2.38093e+20 9.46152e+19
1150 1.84527e+19 1.71768e+20 5.78123e+20 2.21115e+20 2.43167e+20 9.6196e+19
1200 1.88246e+19 1.75402e+20 5.9047e+20 2.25818e+20 2.47864e+20 9.76207e+19
1250 1.92626e+19 1.79499e+20 6.05086e+20 2.30911e+20 2.53506e+20 9.93682e+19
1300 1.97107e+19 1.83319e+20 6.17261e+20 2.35818e+20 2.58684e+20 1.01004e+20
