800 0.103098 0.0199762 0.0115396 0.0358832 0.027964 0.0408142
850 0.103103 0.0199723 0.0115384 0.0358728 0.0279762 0.0408336
900 0.103251 0.0199764 0.0115417 0.035852 0.0279621 0.040993
950 0.102945 0.019982 0.0115318 0.0358565 0.0279838 0.0410896
973 0.102995 0.0199856 0.0115407 0.0358458 0.0279844 0.0411273
1000 0.103025 0.0199873 0.0115311 0.0358613 0.0279828 0.0412184
1050 0.103215 0.0199875 0.0115391 0.0358714 0.0280001 0.0412872
1100 0.103099 0.0199576 0.0115484 0.0358694 0.0280097 0.0413882
1150 0.103146 0.0199806 0.011543 0.0358868 0.02798 0.0414395
1200 0.10312 0.0199675 0.0115535 0.0358522 0.0280122 0.0415177
1250 0.103235 0.0200132 0.0115211 0.0358567 0.0280159 0.0416203
1300 0.103085 0.0199829 0.011543 0.035884 0.0280176 0.0416676
