800 4.03312e-10 7.71647e-10 2.53418e-09 6.94551e-09 1.5779e-08 5.17219e-08
850 4.027e-10 7.71858e-10 2.54003e-09 6.93787e-09 1.57911e-08 5.1325e-08
900 4.03457e-10 7.6977e-10 2.53933e-09 6.9506e-09 1.57846e-08 5.05867e-08
950 4.04085e-10 7.71055e-10 2.54578e-09 6.95062e-09 1.58066e-08 5.0425e-08
973 4.04676e-10 7.70684e-10 2.53966e-09 6.95058e-09 1.5801e-08 5.02117e-08
1000 4.02842e-10 7.71604e-10 2.55342e-09 6.9471e-09 1.57851e-08 5.00617e-08
1050 4.02514e-10 7.71489e-10 2.54232e-09 6.95405e-09 1.57753e-08 4.95622e-08
1100 4.02116e-10 7.70697e-10 2.54341e-09 6.96684e-09 1.57496e-08 4.91965e-08
1150 4.02408e-10 7.7197e-10 2.54405e-09 6.96062e-09 1.57618e-08 4.8754e-08
1200 4.031e-10 7.71833e-10 2.55211e-09 6.96891e-09 1.57441e-08 4.8542e-08
1250 4.00869e-10 7.70963e-10 2.54784e-09 6.96084e-09 1.56879e-08 4.82408e-08
1300 4.01113e-10 7.70217e-10 2.55426e-09 6.97679e-09 1.56971e-08 4.77911e-08
