800 0.000226923 0.000449392 0.000392259 0.000606287 0.000955936 0.000147703 0.000204592 4.39804e-05
850 0.000225597 0.000445129 0.000395226 0.000607523 0.000966632 0.000146226 0.000205874 4.44513e-05
900 0.000226601 0.000447143 0.000388321 0.000605272 0.000954333 0.000149668 0.000207664 4.33347e-05
950 0.000226668 0.000446619 0.000391775 0.000603579 0.000959444 0.000151166 0.000205544 4.43698e-05
973 0.000227738 0.000446686 0.000395226 0.000609192 0.000963904 0.000148855 0.000206151 4.28689e-05
1000 0.000225068 0.000449111 0.000394028 0.000609706 0.00096155 0.000149272 0.000205186 4.45818e-05
1050 0.000227019 0.000451279 0.000400178 0.000609818 0.000963381 0.000150177 0.00020519 4.47485e-05
1100 0.000224077 0.000450058 0.000389339 0.000615079 0.000954182 0.000146035 0.000210572 4.33491e-05
1150 0.000225935 0.00045041 0.000401218 0.000614049 0.000955138 0.000150671 0.000205966 4.56175e-05
1200 0.000223483 0.000444475 0.000397297 0.000613146 0.0009673 0.000148435 0.000205952 4.36137e-05
1250 0.000225141 0.000452739 0.000392547 0.000607981 0.000965382 0.000149603 0.000206877 4.54102e-05
1300 0.000225648 0.000447442 0.000396698 0.000613065 0.000957538 0.000146737 0.000208206 4.53276e-05
