800 2.73594 2.56149 2.49958 2.49193 2.49026 2.49097
850 2.7357 2.56145 2.49959 2.49193 2.49026 2.49096
900 2.73664 2.56144 2.49959 2.49193 2.49026 2.49098
950 2.73469 2.56146 2.49961 2.49193 2.49026 2.49098
973 2.73551 2.56147 2.49959 2.49192 2.49026 2.49099
1000 2.73568 2.5615 2.49959 2.49193 2.49026 2.491
1050 2.73505 2.56145 2.49959 2.49192 2.49026 2.491
1100 2.73595 2.56145 2.4996 2.49192 2.49025 2.49102
1150 2.73564 2.56148 2.4996 2.49192 2.49026 2.49102
1200 2.73641 2.56147 2.49959 2.49192 2.49026 2.49103
1250 2.73607 2.56145 2.4996 2.49192 2.49026 2.49105
1300 2.73616 2.56145 2.4996 2.49192 2.49026 2.49105
