800 0.159381 0.0831084 0.00103329 0.0 0.0 0.0 0.0 0.278903 0.0582588 0.0 0.0 0.0 0.0 0.0 0.528144 0.0423372 0.0 0.0 0.0 0.0 0.0 0.534381 0.0734506 0.0 0.0 0.0 0.0 0.0 0.5667 0.0334486 0.0 0.0 0.0 0.0 0.0 0.600321
850 0.160215 0.081423 0.00131718 0.0 0.0 0.0 0.0 0.279657 0.0575468 0.0 0.0 0.0 0.0 0.0 0.528346 0.0423598 0.0 0.0 0.0 0.0 0.0 0.535323 0.0733834 0.0 0.0 0.0 0.0 0.0 0.567417 0.0326012 0.0 0.0 0.0 0.0 0.0 0.595897
900 0.159327 0.0817349 0.00135792 0.0 0.0 0.0 0.0 0.279942 0.0570767 0.0 0.0 0.0 0.0 0.0 0.5283 0.0426581 0.0 0.0 0.0 0.0 0.0 0.533915 0.0737935 0.0 0.0 0.0 0.0 0.0 0.568491 0.0334996 0.0 0.0 0.0 0.0 0.0 0.598528
950 0.158675 0.0830394 0.00125375 0.0 0.0 0.0 0.0 0.279788 0.0577906 0.0 0.0 0.0 0.0 0.0 0.527933 0.0426145 0.0 0.0 0.0 0.0 0.0 0.535156 0.0737917 0.0 0.0 0.0 0.0 0.0 0.568891 0.0332877 0.0 0.0 0.0 0.0 0.0 0.598822
973 0.160295 0.0819072 0.00128725 6.25476e-05 0.0 0.0 0.0 0.278526 0.0585411 0.0 0.0 0.0 0.0 0.0 0.528479 0.042361 0.0 0.0 0.0 0.0 0.0 0.53425 0.0736462 0.0 0.0 0.0 0.0 0.0 0.568873 0.0333374 0.0 0.0 0.0 0.0 0.0 0.600561
1000 0.160265 0.080701 0.000679198 0.0 0.0 0.0 0.0 0.280088 0.05719 0.0 0.0 0.0 0.0 0.0 0.528775 0.0429022 0.0 0.0 0.0 0.0 0.0 0.535085 0.0735597 0.0 0.0 0.0 0.0 0.0 0.566944 0.0329628 0.0 0.0 0.0 0.0 0.0 0.600111
1050 0.162057 0.0782372 0.00113935 1.39917e-05 0.0 0.0 0.0 0.279648 0.0578271 0.0 0.0 0.0 0.0 0.0 0.528397 0.0424627 0.0 0.0 0.0 0.0 0.0 0.534561 0.0742198 0.0 0.0 0.0 0.0 0.0 0.567429 0.0331819 0.0 0.0 0.0 0.0 0.0 0.598204
1100 0.159706 0.0810048 0.00109818 0.0 0.0 0.0 0.0 0.27957 0.0575568 0.0 0.0 0.0 0.0 0.0 0.52787 0.0424961 0.0 0.0 0.0 0.0 0.0 0.533809 0.0751924 0.0 0.0 0.0 0.0 0.0 0.56729 0.0321077 0.0 0.0 0.0 0.0 0.0 0.598666
1150 0.162955 0.079179 0.00044603 0.0 0.0 0.0 0.0 0.279461 0.0581706 0.0 0.0 0.0 0.0 0.0 0.527626 0.0431892 0.0 0.0 0.0 0.0 0.0 0.534978 0.074102 0.0 0.0 0.0 0.0 0.0 0.568741 0.0322661 0.0 0.0 0.0 0.0 0.0 0.599962
1200 0.160651 0.0802977 0.000995066 0.0 0.0 0.0 0.0 0.27906 0.0584208 0.0 0.0 0.0 0.0 0.0 0.527653 0.0430407 0.0 0.0 0.0 0.0 0.0 0.534354 0.0742612 0.0 0.0 0.0 0.0 0.0 0.568771 0.0323048 0.0 0.0 0.0 0.0 0.0 0.600294
1250 0.162592 0.078182 0.000931276 2.86418e-05 0.0 0.0 0.0 0.279883 0.0576599 0.0 0.0 0.0 0.0 0.0 0.528259 0.0432898 0.0 0.0 0.0 0.0 0.0 0.534725 0.0743045 0.0 0.0 0.0 0.0 0.0 0.569089 0.0317948 0.0 0.0 0.0 0.0 0.0 0.600134
1300 0.163801 0.0757449 0.000834862 0.0 0.0 0.0 0.0 0.279301 0.0573546 0.0 0.0 0.0 0.0 0.0 0.5279 0.0432769 0.0 0.0 0.0 0.0 0.0 0.534283 0.0750863 0.0 0.0 0.0 0.0 0.0 0.570084 0.0319454 0.0 0.0 0.0 0.0 0.0 0.60267
