800 2.29847 1.52006 0.960962 1.17556 1.1222 1.08226
850 2.32571 1.53589 0.970975 1.18788 1.13232 1.09386
900 2.35241 1.55268 0.980803 1.19881 1.14375 1.10278
950 2.36934 1.56952 0.990961 1.2122 1.15484 1.11246
973 2.38457 1.57602 0.996151 1.21732 1.16013 1.11749
1000 2.39999 1.58448 1.00165 1.22399 1.16635 1.1236
1050 2.42003 1.60174 1.01222 1.23682 1.17806 1.13466
1100 2.45063 1.61939 1.02354 1.25087 1.19045 1.145
1150 2.47366 1.63683 1.03484 1.26525 1.20248 1.15768
1200 2.50658 1.65495 1.04643 1.27718 1.21523 1.16758
1250 2.53711 1.67591 1.05744 1.29219 1.22859 1.17921
1300 2.56355 1.69368 1.07001 1.30668 1.24117 1.19287
