800 0.00221356 0.00154845 0.00173978 0.00267115 0.00548637 0.0138743
850 0.0021899 0.00153247 0.00172167 0.00264348 0.00542971 0.013752
900 0.00216751 0.0015171 0.0017037 0.00261606 0.00537652 0.013562
950 0.00214323 0.00150054 0.00168552 0.00258922 0.00531661 0.0134177
973 0.00213335 0.00149328 0.00167771 0.00257696 0.0052908 0.0133301
1000 0.00212174 0.00148413 0.00166818 0.00256194 0.00526167 0.0132333
1050 0.00209814 0.00146875 0.00164989 0.00253483 0.00520647 0.0131065
1100 0.00207532 0.0014524 0.00163178 0.00250739 0.00514691 0.0128983
1150 0.00205243 0.00143645 0.00161387 0.00248017 0.0050942 0.0127602
1200 0.00203135 0.00142048 0.00159606 0.00245245 0.00503939 0.0126262
1250 0.00200739 0.00140484 0.00157802 0.00242545 0.00498119 0.0124131
1300 0.00198504 0.00138869 0.00156003 0.00239828 0.00492593 0.0122791
