800 4.03348e-10 7.99438e-10 2.44723e-09 7.13713e-09 1.64132e-08 4.92828e-08
850 4.03416e-10 7.99397e-10 2.44784e-09 7.13795e-09 1.64115e-08 4.9179e-08
900 4.03361e-10 7.99472e-10 2.4473e-09 7.13669e-09 1.64082e-08 4.89205e-08
950 4.03507e-10 7.9951e-10 2.44674e-09 7.13707e-09 1.64056e-08 4.87714e-08
973 4.03449e-10 7.99493e-10 2.44657e-09 7.13717e-09 1.64047e-08 4.86996e-08
1000 4.03422e-10 7.99562e-10 2.4464e-09 7.13714e-09 1.64034e-08 4.86181e-08
1050 4.03605e-10 7.99614e-10 2.44663e-09 7.137e-09 1.64003e-08 4.84224e-08
1100 4.03448e-10 7.99564e-10 2.44645e-09 7.13658e-09 1.63965e-08 4.83059e-08
1150 4.03368e-10 7.99504e-10 2.44648e-09 7.13675e-09 1.63944e-08 4.81413e-08
1200 4.03421e-10 7.99543e-10 2.44677e-09 7.13638e-09 1.63933e-08 4.79945e-08
1250 4.03397e-10 7.99598e-10 2.44557e-09 7.13607e-09 1.63904e-08 4.78364e-08
1300 4.03556e-10 7.99501e-10 2.44628e-09 7.13643e-09 1.63873e-08 4.77074e-08
