800 2.30082 1.52065 0.960927 1.17551 1.12246 1.08204
850 2.3233 1.53518 0.970855 1.18772 1.13317 1.09368
900 2.34799 1.55197 0.980841 1.19879 1.14377 1.10272
950 2.3712 1.569 0.991295 1.21154 1.15492 1.11262
973 2.38179 1.57624 0.995827 1.21783 1.16096 1.1177
1000 2.39839 1.58455 1.00181 1.22448 1.16647 1.12322
1050 2.42009 1.60297 1.01254 1.23725 1.17852 1.13465
1100 2.45614 1.61866 1.02354 1.2502 1.19027 1.14481
1150 2.47833 1.63793 1.03513 1.2639 1.20341 1.15656
1200 2.5085 1.65652 1.0461 1.27792 1.21541 1.16689
1250 2.53783 1.67545 1.05824 1.29184 1.22823 1.18129
1300 2.55986 1.69426 1.07013 1.30659 1.24158 1.19254
