800 2.28012 1.48457 0.966013 1.17822 1.13881 1.1521
850 2.30039 1.50031 0.975845 1.19019 1.14967 1.16236
900 2.3271 1.51609 0.986034 1.20126 1.16023 1.17301
950 2.35061 1.5327 0.996755 1.21439 1.17165 1.18362
973 2.36368 1.53912 1.00155 1.22007 1.17688 1.18832
1000 2.37664 1.54834 1.00702 1.22587 1.18269 1.19429
1050 2.40356 1.56545 1.01822 1.23945 1.19479 1.20566
1100 2.42838 1.58261 1.02925 1.253 1.20718 1.2173
1150 2.45918 1.59967 1.04065 1.26683 1.21986 1.22903
1200 2.48497 1.61789 1.05232 1.27918 1.23181 1.24131
1250 2.5132 1.63658 1.06412 1.29374 1.24474 1.25356
1300 2.53991 1.65548 1.07653 1.30879 1.25866 1.26631
