800 0.321931 0.540897 0.135517 0.00146605 0.000188197 0.0
850 0.321418 0.538894 0.137874 0.00178022 3.44229e-05 0.0
900 0.320913 0.539145 0.137755 0.00206847 0.000118821 0.0
950 0.321819 0.538879 0.136969 0.00205855 0.000274209 0.0
973 0.321089 0.534737 0.142397 0.00171491 6.23582e-05 0.0
1000 0.323713 0.531342 0.143033 0.00153667 0.00034103 3.45285e-05
1050 0.326323 0.533829 0.137957 0.00175614 0.000134459 0.0
1100 0.315617 0.543914 0.138326 0.00181584 0.000289091 3.72711e-05
1150 0.322631 0.534385 0.141047 0.00182336 0.000113636 0.0
1200 0.322006 0.539284 0.136512 0.00190556 0.000248496 4.40637e-05
1250 0.316873 0.537225 0.14384 0.0017318 0.000297301 3.31209e-05
1300 0.325939 0.531271 0.141197 0.00137864 0.000179916 3.48178e-05
