800 0.00605061 0.00397511 0.00435391 0.00660267 0.013369 0.0326337
850 0.00598815 0.00393414 0.00430896 0.0065345 0.0132274 0.0322498
900 0.00592589 0.00389314 0.00426403 0.00646642 0.013089 0.0318737
950 0.00586373 0.00385215 0.00421905 0.00639827 0.0129478 0.0314881
973 0.00583465 0.00383332 0.00419834 0.00636692 0.0128827 0.0313094
1000 0.00580147 0.00381167 0.0041746 0.00633096 0.0128111 0.0311269
1050 0.00573923 0.0037702 0.00412913 0.00626211 0.0126685 0.0307355
1100 0.00567621 0.00372932 0.0040842 0.00619405 0.0125283 0.0303562
1150 0.0056139 0.00368833 0.00403925 0.00612598 0.0123878 0.0299845
1200 0.00555172 0.00364729 0.00399431 0.00605779 0.0122519 0.0296278
1250 0.00548946 0.0036065 0.00394934 0.00598962 0.0121117 0.0292512
1300 0.00542689 0.00356543 0.00390437 0.00592152 0.0119716 0.0288895
