800 0.000973975 0.000130853 6.92329e-09 7.31168e-09 1.82523e-09 0.0
850 0.0009633 0.000129367 6.85384e-09 7.23669e-09 1.81122e-09 0.0
900 0.000953649 0.000128301 6.78325e-09 7.1929e-09 1.81548e-09 0.0
950 0.000943526 0.000126867 6.71728e-09 7.11636e-09 1.80039e-09 0.0
973 0.000938711 0.000126147 6.67909e-09 7.08165e-09 1.79188e-09 0.0
1000 0.000934696 0.000125493 6.64609e-09 7.06636e-09 1.79854e-09 0.0
1050 0.000922993 0.000124068 6.57559e-09 6.98858e-09 1.78186e-09 0.0
1100 0.000913661 0.000122823 6.50099e-09 6.91297e-09 1.76568e-09 0.0
1150 0.000903381 0.000121418 6.43274e-09 6.83666e-09 1.7487e-09 0.0
1200 0.000894263 0.000120031 6.36458e-09 6.79594e-09 1.75411e-09 0.0
1250 0.000883602 0.00011867 6.29213e-09 6.71969e-09 1.73744e-09 0.0
1300 0.000873572 0.000117475 6.22139e-09 6.64244e-09 1.71938e-09 0.0
