800 0.134518 0.0635663 0.00742333 4.21121e-05 2.53596e-06 3.31165e-07 0.0 0.22209 0.0452768 6.78235e-05 4.51823e-06 2.27457e-07 0.0 0.0 0.350831 0.0181989 2.83296e-05 1.44034e-06 0.0 0.0 0.0 0.271726 0.0164659 0.0 0.0 0.0 0.0 0.0 0.283815 0.00995404 0.0 0.0 0.0 0.0 0.0 0.285873
850 0.133155 0.0628491 0.0073752 4.82358e-05 2.30031e-06 0.0 0.0 0.219861 0.0447533 6.50868e-05 4.62126e-06 1.48696e-07 0.0 0.0 0.347264 0.0180076 2.84733e-05 1.30805e-06 0.0 0.0 0.0 0.268923 0.0162999 0.0 0.0 0.0 0.0 0.0 0.281109 0.00981313 0.0 0.0 0.0 0.0 0.0 0.283195
900 0.131778 0.0622404 0.00727325 4.04966e-05 3.55515e-06 0.0 0.0 0.217523 0.0443083 6.39759e-05 5.03135e-06 2.13221e-07 0.0 0.0 0.343658 0.0178249 2.82806e-05 1.23337e-06 0.0 0.0 0.0 0.266462 0.0161083 0.0 0.0 0.0 0.0 0.0 0.27855 0.00968922 0.0 0.0 0.0 0.0 0.0 0.280519
950 0.130424 0.0616189 0.00714889 4.44184e-05 3.52449e-06 2.75441e-07 0.0 0.215247 0.0438428 6.32109e-05 4.84247e-06 2.52844e-07 0.0 0.0 0.340025 0.0176316 2.77533e-05 1.42138e-06 0.0 0.0 0.0 0.26366 0.0159276 0.0 0.0 0.0 0.0 0.0 0.275831 0.00954937 0.0 0.0 0.0 0.0 0.0 0.277828
973 0.129762 0.0613015 0.0071476 4.45811e-05 3.6523e-06 0.0 0.0 0.214213 0.0436199 6.31071e-05 4.30397e-06 2.94195e-07 0.0 0.0 0.338353 0.0175415 2.73941e-05 1.3826e-06 0.0 0.0 0.0 0.262361 0.0158638 0.0 0.0 0.0 0.0 0.0 0.274582 0.00949968 0.0 0.0 0.0 0.0 0.0 0.276609
1000 0.129069 0.0609451 0.00703326 3.93554e-05 2.5418e-06 1.41533e-07 0.0 0.212965 0.0434032 6.24235e-05 4.02396e-06 2.69232e-07 0.0 0.0 0.336505 0.0174369 2.78983e-05 1.47593e-06 0.0 0.0 0.0 0.261141 0.0157603 0.0 0.0 0.0 0.0 0.0 0.273247 0.00944062 0.0 0.0 0.0 0.0 0.0 0.27516
1050 0.12776 0.060134 0.00701108 4.46831e-05 2.71128e-06 1.31407e-07 0.0 0.210674 0.0429116 6.32145e-05 4.67433e-06 1.09862e-07 0.0 0.0 0.332869 0.0172468 2.7244e-05 1.27727e-06 0.0 0.0 0.0 0.258323 0.0155706 0.0 0.0 0.0 0.0 0.0 0.270455 0.00930643 0.0 0.0 0.0 0.0 0.0 0.272446
1100 0.126181 0.0596797 0.00692719 4.52573e-05 4.1047e-06 1.35488e-07 0.0 0.208377 0.0424274 6.15049e-05 4.80882e-06 2.10421e-07 0.0 0.0 0.329262 0.0170556 2.74666e-05 1.2644e-06 0.0 0.0 0.0 0.255508 0.0154118 0.0 0.0 0.0 0.0 0.0 0.26769 0.00918053 0.0 0.0 0.0 0.0 0.0 0.269709
1150 0.125004 0.0588438 0.00686301 4.31157e-05 2.60034e-06 1.27748e-07 0.0 0.206072 0.0419973 6.22588e-05 5.10507e-06 1.46764e-07 0.0 0.0 0.325645 0.0168686 2.69159e-05 1.19157e-06 0.0 0.0 0.0 0.252714 0.0152303 0.0 0.0 0.0 0.0 0.0 0.264925 0.00905692 0.0 0.0 0.0 0.0 0.0 0.266999
1200 0.123421 0.0582887 0.00679113 3.8553e-05 2.51301e-06 2.58214e-07 0.0 0.203782 0.0415295 6.11914e-05 4.67057e-06 2.23395e-07 0.0 0.0 0.322082 0.0166717 2.61796e-05 1.23307e-06 0.0 0.0 0.0 0.2503 0.0150511 0.0 0.0 0.0 0.0 0.0 0.26233 0.00893674 0.0 0.0 0.0 0.0 0.0 0.26426
1250 0.122236 0.0574848 0.0066941 3.69454e-05 2.75799e-06 1.30575e-07 0.0 0.201531 0.0410128 6.06996e-05 4.77516e-06 1.36171e-07 0.0 0.0 0.318497 0.0164823 2.69532e-05 1.25293e-06 0.0 0.0 0.0 0.247498 0.0148793 0.0 0.0 0.0 0.0 0.0 0.259511 0.00882375 0.0 0.0 0.0 0.0 0.0 0.261506
1300 0.120671 0.0570175 0.00665148 3.98847e-05 3.05448e-06 0.0 0.0 0.199222 0.0405668 5.92352e-05 4.2868e-06 7.43736e-08 0.0 0.0 0.314856 0.0162902 2.62056e-05 1.34909e-06 0.0 0.0 0.0 0.244697 0.0146908 0.0 0.0 0.0 0.0 0.0 0.256727 0.00869399 0.0 0.0 0.0 0.0 0.0 0.258775
