800 2.73528 2.56144 2.49958 2.49193 2.49026 2.49095
850 2.73667 2.56148 2.49959 2.49193 2.49026 2.49097
900 2.73596 2.56147 2.49959 2.49193 2.49026 2.49099
950 2.73564 2.56146 2.49959 2.49193 2.49026 2.49099
973 2.73496 2.56145 2.49959 2.49193 2.49026 2.49099
1000 2.73572 2.56148 2.49959 2.49192 2.49026 2.49099
1050 2.73653 2.56149 2.49959 2.49192 2.49026 2.49103
1100 2.73643 2.56145 2.4996 2.49192 2.49026 2.49103
1150 2.7349 2.56145 2.4996 2.49192 2.49026 2.49103
1200 2.73585 2.56148 2.4996 2.49192 2.49026 2.49104
1250 2.73615 2.56147 2.4996 2.49192 2.49026 2.49105
1300 2.73684 2.56147 2.4996 2.49192 2.49026 2.49105
