800 0.136114 0.0604389 0.00704568 4.25261e-05 5.03926e-06 7.53668e-07 0.0 0.222798 0.0391409 6.54118e-05 4.00884e-06 1.22913e-07 0.0 0.0 0.357104 0.0144132 2.86246e-05 1.51241e-06 0.0 0.0 0.0 0.272142 0.0143396 0.0 0.0 0.0 0.0 0.0 0.284797 0.00804936 0.0 0.0 0.0 0.0 0.0 0.289027
850 0.134547 0.0601422 0.00696853 3.58573e-05 3.24192e-06 0.0 0.0 0.220517 0.0387878 6.23194e-05 3.60869e-06 2.40963e-07 0.0 0.0 0.353484 0.0142553 3.0474e-05 1.40932e-06 0.0 0.0 0.0 0.26935 0.0141729 0.0 0.0 0.0 0.0 0.0 0.281986 0.00798625 0.0 0.0 0.0 0.0 0.0 0.28613
900 0.133289 0.0591821 0.00677693 4.588e-05 8.96084e-07 0.0 0.0 0.218259 0.0382903 5.88715e-05 3.43052e-06 3.47277e-07 0.0 0.0 0.34984 0.0141301 2.78629e-05 1.59979e-06 0.0 0.0 0.0 0.266857 0.0140398 0.0 0.0 0.0 0.0 0.0 0.279388 0.00792098 0.0 0.0 0.0 0.0 0.0 0.283597
950 0.131808 0.0586595 0.00685541 3.88344e-05 2.58756e-06 0.0 0.0 0.215976 0.0379041 6.42412e-05 4.43111e-06 1.2296e-07 0.0 0.0 0.346203 0.0139484 2.60305e-05 1.78513e-06 0.0 0.0 0.0 0.264012 0.0139209 0.0 0.0 0.0 0.0 0.0 0.276639 0.00776825 0.0 0.0 0.0 0.0 0.0 0.280806
973 0.131071 0.0585362 0.0066817 3.33791e-05 3.27303e-06 3.46259e-07 0.0 0.214923 0.0376518 5.9674e-05 3.56307e-06 0.0 0.0 0.0 0.34452 0.0139402 2.69437e-05 1.90202e-06 0.0 0.0 0.0 0.262712 0.0138561 0.0 0.0 0.0 0.0 0.0 0.275295 0.00775309 0.0 0.0 0.0 0.0 0.0 0.279556
1000 0.130386 0.0581503 0.006732 3.22907e-05 1.37114e-06 4.24944e-07 0.0 0.213781 0.0374583 6.18724e-05 3.87757e-06 1.96931e-07 0.0 0.0 0.342593 0.0138364 2.85711e-05 1.64477e-06 0.0 0.0 0.0 0.261404 0.0137477 0.0 0.0 0.0 0.0 0.0 0.273947 0.00771012 0.0 0.0 0.0 0.0 0.0 0.278118
1050 0.129114 0.0572722 0.00673944 4.31391e-05 2.05942e-06 0.0 0.0 0.211399 0.0370924 5.90996e-05 4.2129e-06 9.97714e-08 0.0 0.0 0.33893 0.0136569 2.79322e-05 1.69677e-06 0.0 0.0 0.0 0.258554 0.0136266 0.0 0.0 0.0 0.0 0.0 0.271145 0.00763823 0.0 0.0 0.0 0.0 0.0 0.275199
1100 0.127975 0.0565163 0.00645857 3.74271e-05 4.65757e-06 0.0 0.0 0.209011 0.0367962 5.98019e-05 3.22042e-06 4.36328e-07 0.0 0.0 0.335302 0.0135391 2.78822e-05 1.6368e-06 0.0 0.0 0.0 0.255687 0.0135038 0.0 0.0 0.0 0.0 0.0 0.268313 0.00752024 0.0 0.0 0.0 0.0 0.0 0.272604
1150 0.126161 0.0562346 0.00650449 4.10211e-05 1.75142e-06 5.43011e-07 0.0 0.206805 0.0362614 5.57737e-05 4.85299e-06 0.0 0.0 0.0 0.331634 0.0133669 2.89412e-05 1.62531e-06 0.0 0.0 0.0 0.252915 0.0133469 0.0 0.0 0.0 0.0 0.0 0.265559 0.0074609 0.0 0.0 0.0 0.0 0.0 0.269783
1200 0.124889 0.0555247 0.00638338 3.49643e-05 3.3982e-06 0.0 0.0 0.204466 0.0359032 6.07427e-05 3.91692e-06 4.90154e-07 0.0 0.0 0.328012 0.0132323 2.68032e-05 1.32742e-06 0.0 0.0 0.0 0.250419 0.0132116 0.0 0.0 0.0 0.0 0.0 0.26288 0.00733892 0.0 0.0 0.0 0.0 0.0 0.266969
1250 0.1237 0.0548205 0.00621767 4.3017e-05 2.96321e-06 0.0 0.0 0.202216 0.0354588 5.41763e-05 5.24413e-06 9.7235e-08 0.0 0.0 0.324381 0.0130801 2.6831e-05 1.53565e-06 0.0 0.0 0.0 0.247567 0.0130803 0.0 0.0 0.0 0.0 0.0 0.260034 0.0072647 0.0 0.0 0.0 0.0 0.0 0.264251
1300 0.122065 0.0543976 0.00620215 3.14635e-05 3.70599e-06 0.0 0.0 0.199795 0.0351978 5.6829e-05 4.14512e-06 2.99492e-07 0.0 0.0 0.320834 0.0129245 2.80133e-05 9.46257e-07 0.0 0.0 0.0 0.244746 0.0129283 0.0 0.0 0.0 0.0 0.0 0.257184 0.00723936 0.0 0.0 0.0 0.0 0.0 0.261452
