800 0.00605653 0.00396634 0.00434871 0.00665633 0.0136625 0.0345604
850 0.00599125 0.00392533 0.00430348 0.00658738 0.0135214 0.0342556
900 0.00593205 0.00388596 0.00425856 0.00651903 0.0133889 0.0337825
950 0.00586138 0.00384357 0.00421314 0.00645215 0.0132397 0.0334232
973 0.00583611 0.00382499 0.00419359 0.00642158 0.0131754 0.0332051
1000 0.0058047 0.00380159 0.00416976 0.00638417 0.0131029 0.032964
1050 0.00573884 0.00376211 0.00412405 0.00631661 0.0129655 0.032648
1100 0.00567825 0.00372025 0.00407881 0.00624823 0.0128171 0.0321298
1150 0.00561503 0.00367943 0.00403403 0.00618039 0.0126859 0.0317859
1200 0.00555892 0.00363852 0.00398951 0.00611131 0.0125494 0.031452
1250 0.00549264 0.00359842 0.00394442 0.00604403 0.0124044 0.0309216
1300 0.00543168 0.00355705 0.00389945 0.00597632 0.0122668 0.0305877
