800 2.28809 1.52315 0.966821 1.17693 1.1245 1.0877
850 2.31169 1.53895 0.976864 1.18917 1.13538 1.09755
900 2.33617 1.55524 0.987079 1.2006 1.14593 1.10746
950 2.36121 1.5718 0.99757 1.21332 1.15748 1.11777
973 2.3726 1.57945 1.00246 1.21934 1.1629 1.12262
1000 2.38648 1.58852 1.00806 1.22532 1.16854 1.12822
1050 2.41227 1.60596 1.01911 1.23878 1.18069 1.13915
1100 2.43882 1.62359 1.03029 1.25237 1.19304 1.15041
1150 2.46596 1.64161 1.04174 1.26631 1.20567 1.16175
1200 2.49325 1.66003 1.05331 1.27904 1.21773 1.1735
1250 2.52216 1.67902 1.06524 1.29358 1.23098 1.18553
1300 2.55119 1.69825 1.07747 1.30843 1.24459 1.1979
