800 0.000229179 0.000502071 0.00040882 0.000681924 0.000975527 0.00014774 0.0002748 4.69754e-05
850 0.000258845 0.00043279 0.000382011 0.000585044 0.000981206 0.000141124 0.000189003 4.93738e-05
900 0.000348656 0.000489405 0.000412562 0.0005861 0.000918325 0.000174471 0.00021944 3.74997e-05
950 0.000290882 0.000523278 0.000326741 0.000629375 0.000944889 0.00019102 0.000198188 3.61022e-05
973 0.00021955 0.000483889 0.000360694 0.000724722 0.00101522 0.000128343 0.000201718 4.06523e-05
1000 0.000236148 0.000483302 0.000463662 0.000609828 0.00102941 0.000132679 0.000190724 6.64006e-05
1050 0.00024308 0.000485766 0.000416391 0.000697466 0.00101706 0.000144349 0.000194107 3.7953e-05
1100 0.000218128 0.000463361 0.00047504 0.000680711 0.00114381 0.000137686 0.000242064 5.09173e-05
1150 0.000255452 0.000440311 0.000486659 0.000639478 0.00106884 0.000136871 0.000197557 5.50702e-05
1200 0.000230695 0.000457415 0.000369701 0.000609493 0.000971497 0.00014111 0.000150141 6.1091e-05
1250 0.000206861 0.0004808 0.000407202 0.000656873 0.00100245 0.000166469 0.000155096 3.74872e-05
1300 0.000242176 0.000432484 0.000408284 0.000690354 0.000861516 0.000137241 0.00026603 4.45913e-05
