800 0.00605067 0.00396698 0.0043488 0.00665219 0.013661 0.0346358
850 0.00599764 0.00392458 0.00430382 0.00658789 0.0135153 0.0341761
900 0.00593107 0.00388524 0.0042586 0.00651991 0.0133843 0.0337539
950 0.0058669 0.00384385 0.00421391 0.00645119 0.0132418 0.0333851
973 0.00583429 0.0038254 0.00419324 0.00642106 0.0131748 0.0332321
1000 0.00580367 0.00380353 0.00416939 0.00638552 0.0130985 0.033009
1050 0.00574633 0.00376129 0.00412401 0.00631646 0.0129602 0.0324528
1100 0.0056813 0.00372109 0.00407858 0.00624739 0.0128208 0.0320718
1150 0.0056116 0.00367896 0.00403389 0.00617958 0.0126818 0.0317623
1200 0.0055551 0.00363867 0.00398919 0.00611058 0.0125461 0.0313157
1250 0.00549266 0.00359771 0.0039445 0.00604353 0.0124014 0.030914
1300 0.00543339 0.00355699 0.00389963 0.00597468 0.0122682 0.0305653
