800 3.98696e-10 7.54877e-10 2.68166e-09 6.72146e-09 1.56446e-08 4.56474e-08
850 3.98403e-10 7.5519e-10 2.68176e-09 6.72133e-09 1.56394e-08 4.54345e-08
900 3.98574e-10 7.5522e-10 2.6808e-09 6.72056e-09 1.56519e-08 4.53349e-08
950 3.98526e-10 7.55226e-10 2.68055e-09 6.72424e-09 1.56398e-08 4.53242e-08
973 3.98642e-10 7.55095e-10 2.68128e-09 6.72333e-09 1.56326e-08 4.52761e-08
1000 3.98484e-10 7.5537e-10 2.68141e-09 6.72423e-09 1.56338e-08 4.50978e-08
1050 3.98505e-10 7.55218e-10 2.68064e-09 6.7246e-09 1.56393e-08 4.51775e-08
1100 3.98543e-10 7.55202e-10 2.68018e-09 6.72565e-09 1.5644e-08 4.51059e-08
1150 3.98699e-10 7.55524e-10 2.67959e-09 6.72643e-09 1.56339e-08 4.48755e-08
1200 3.98309e-10 7.55281e-10 2.67854e-09 6.729e-09 1.56312e-08 4.48778e-08
1250 3.98766e-10 7.55474e-10 2.67832e-09 6.73151e-09 1.56333e-08 4.48301e-08
1300 3.9865e-10 7.55286e-10 2.67861e-09 6.73109e-09 1.5635e-08 4.47119e-08
1350 3.98412e-10 7.5556e-10 2.67768e-09 6.73077e-09 1.563e-08 4.46847e-08
1400 3.98555e-10 7.55522e-10 2.67774e-09 6.73253e-09 1.56402e-08 4.45326e-08
