800 2.73682 2.56191 2.49948 2.49205 2.49019 2.49125
850 2.73688 2.56191 2.49948 2.49205 2.49019 2.49126
900 2.73693 2.56191 2.49948 2.49205 2.49019 2.49127
950 2.73682 2.56191 2.49948 2.49205 2.49019 2.49129
973 2.73685 2.56191 2.49948 2.49205 2.49019 2.49129
1000 2.73693 2.56191 2.49948 2.49205 2.49019 2.49129
1050 2.73695 2.56191 2.49948 2.49205 2.49019 2.4913
1100 2.73692 2.56191 2.49948 2.49205 2.49019 2.49131
1150 2.73688 2.56191 2.49949 2.49205 2.49019 2.49132
1200 2.73683 2.56191 2.49949 2.49205 2.49019 2.49133
1250 2.73695 2.56191 2.49949 2.49205 2.49019 2.49134
1300 2.73694 2.56191 2.49949 2.49205 2.49019 2.49135
1350 2.73695 2.56191 2.49949 2.49205 2.49019 2.49135
1400 2.73686 2.56191 2.49949 2.49205 2.49018 2.49136
