800 0.00222976 0.00156583 0.00176169 0.00270423 0.00555578 0.0140323
850 0.00220531 0.00154947 0.00174338 0.0026768 0.00549284 0.0138517
900 0.0021812 0.00153395 0.00172529 0.00264927 0.00544053 0.0137188
950 0.00215824 0.00151764 0.00170733 0.00262091 0.00538413 0.0135561
973 0.0021477 0.00150989 0.00169874 0.00260904 0.00535642 0.0134494
1000 0.00213708 0.00150194 0.00168896 0.00259473 0.00532785 0.0133725
1050 0.00211257 0.00148518 0.00167059 0.00256635 0.00526777 0.0132033
1100 0.00209068 0.00146887 0.00165253 0.00253833 0.00521169 0.013047
1150 0.00206699 0.00145281 0.00163427 0.00251059 0.00515504 0.0128761
1200 0.00204342 0.00143688 0.00161611 0.00248343 0.00510017 0.0127267
1250 0.00202158 0.00142024 0.00159795 0.00245599 0.00504027 0.0125515
1300 0.00199841 0.00140391 0.00157967 0.00242847 0.00498649 0.0123718
1350 0.00197584 0.00138803 0.00156137 0.00240014 0.00492801 0.0122554
1400 0.00195267 0.00137197 0.00154343 0.00237245 0.00487009 0.0120927
