800 0.071638 0.0414845 0.0181449 0.0215013 0.0214409 0.0287876
850 0.0708069 0.0410325 0.0179419 0.0213636 0.0211687 0.028529
900 0.0702313 0.0406427 0.0177977 0.0211199 0.0210981 0.0285368
950 0.0691878 0.0401947 0.0176122 0.0208925 0.0209037 0.0281597
973 0.0690384 0.0400548 0.0175138 0.0208239 0.0207394 0.0282385
1000 0.0686142 0.039831 0.0173987 0.0207259 0.0206528 0.0281633
1050 0.0681108 0.0393432 0.0171982 0.0204947 0.0204987 0.0278489
1100 0.0670996 0.0389011 0.0170534 0.0202761 0.0203042 0.0276253
1150 0.0665398 0.0386055 0.0168431 0.0200565 0.020112 0.0274877
1200 0.0656543 0.0381484 0.0166751 0.0198679 0.0199022 0.0272993
1250 0.0648789 0.0376875 0.0164708 0.0196735 0.0196992 0.0270643
1300 0.0641068 0.0372806 0.0162942 0.0194294 0.01953 0.027027
1350 0.0633784 0.0369694 0.0161207 0.0192576 0.0193396 0.0268433
1400 0.0625818 0.0364214 0.0158967 0.0189786 0.0191245 0.0265822
