800 0.00610778 0.00401156 0.00440349 0.00673877 0.0138353 0.0349541
850 0.00603662 0.00396959 0.00435775 0.0066704 0.0136786 0.0345043
900 0.00596838 0.00392983 0.00431252 0.00660178 0.0135483 0.0341734
950 0.00590639 0.00388807 0.00426761 0.00653113 0.0134079 0.0337681
973 0.00587799 0.00386817 0.00424615 0.00650155 0.0133388 0.0335026
1000 0.00585268 0.00384786 0.00422171 0.00646587 0.0132677 0.0333111
1050 0.00578218 0.00380487 0.00417581 0.00639515 0.0131181 0.0328897
1100 0.00572482 0.00376313 0.00413065 0.00632534 0.0129785 0.0325003
1150 0.00565828 0.00372193 0.00408503 0.00625619 0.0128374 0.0320748
1200 0.0055933 0.00368114 0.00403962 0.00618852 0.0127007 0.0317027
1250 0.00553546 0.00363856 0.00399423 0.00612014 0.0125516 0.0312665
1300 0.00547155 0.00359668 0.00394856 0.00605154 0.0124176 0.0308188
1350 0.00541088 0.00355599 0.00390283 0.00598096 0.012272 0.0305289
1400 0.00534676 0.00351487 0.00385797 0.00591194 0.0121278 0.0301237
