800 3.98801e-10 7.52963e-10 2.69519e-09 6.64679e-09 1.5273e-08 4.25051e-08
850 3.9878e-10 7.52941e-10 2.69505e-09 6.64673e-09 1.52679e-08 4.2419e-08
900 3.98779e-10 7.5292e-10 2.69486e-09 6.64613e-09 1.52628e-08 4.23314e-08
950 3.98791e-10 7.52912e-10 2.69468e-09 6.64614e-09 1.5258e-08 4.22511e-08
973 3.98784e-10 7.52904e-10 2.69458e-09 6.64598e-09 1.52567e-08 4.2227e-08
1000 3.98773e-10 7.52883e-10 2.69455e-09 6.64557e-09 1.52543e-08 4.21721e-08
1050 3.98767e-10 7.52887e-10 2.69434e-09 6.64552e-09 1.52504e-08 4.21106e-08
1100 3.98774e-10 7.52892e-10 2.69416e-09 6.64545e-09 1.52462e-08 4.20439e-08
1150 3.98788e-10 7.52883e-10 2.69398e-09 6.64512e-09 1.52425e-08 4.19742e-08
1200 3.98788e-10 7.52879e-10 2.69379e-09 6.64454e-09 1.52386e-08 4.19067e-08
1250 3.98773e-10 7.52867e-10 2.69349e-09 6.64436e-09 1.52346e-08 4.18408e-08
1300 3.98779e-10 7.52858e-10 2.69333e-09 6.64436e-09 1.52322e-08 4.17921e-08
1350 3.9878e-10 7.52844e-10 2.69309e-09 6.64419e-09 1.52289e-08 4.17362e-08
1400 3.98774e-10 7.5284e-10 2.69293e-09 6.64404e-09 1.52261e-08 4.16736e-08
