800 2.73905 2.56194 2.49958 2.49194 2.49026 2.49098
850 2.73716 2.56191 2.4996 2.49193 2.49026 2.49099
900 2.73615 2.56189 2.49959 2.49193 2.49026 2.49099
950 2.73652 2.56193 2.49958 2.49193 2.49026 2.49099
973 2.73673 2.56189 2.49959 2.49193 2.49026 2.49101
1000 2.73848 2.56193 2.4996 2.49193 2.49026 2.49101
1050 2.73688 2.5619 2.4996 2.49193 2.49026 2.49102
1100 2.7381 2.56192 2.49959 2.49193 2.49026 2.49103
1150 2.73731 2.56188 2.4996 2.49192 2.49026 2.49104
1200 2.73708 2.56189 2.4996 2.49192 2.49026 2.49104
1250 2.73804 2.56192 2.4996 2.49192 2.49026 2.49106
1300 2.73781 2.5619 2.49961 2.49192 2.49026 2.49107
1350 2.73837 2.56191 2.49962 2.49192 2.49026 2.49106
1400 2.73805 2.56191 2.4996 2.49192 2.49026 2.49107
