800 2.73664 2.56193 2.49959 2.49193 2.49026 2.49096
850 2.73917 2.5619 2.49959 2.49193 2.49026 2.49098
900 2.73778 2.56188 2.49959 2.49193 2.49026 2.491
950 2.73742 2.5619 2.49959 2.49193 2.49026 2.491
973 2.73802 2.56189 2.49959 2.49193 2.49026 2.491
1000 2.73765 2.56189 2.49959 2.49193 2.49026 2.49101
1050 2.73854 2.56192 2.4996 2.49193 2.49026 2.49101
1100 2.73835 2.56191 2.4996 2.49192 2.49026 2.49102
1150 2.73676 2.56187 2.49961 2.49192 2.49026 2.49104
1200 2.73832 2.5619 2.49961 2.49192 2.49026 2.49105
1250 2.7373 2.56192 2.49962 2.49192 2.49025 2.49105
1300 2.73746 2.56193 2.49961 2.49192 2.49026 2.49106
1350 2.73875 2.5619 2.49962 2.49191 2.49025 2.49106
1400 2.73802 2.5619 2.49961 2.49191 2.49026 2.49108
