800 0.0716702 0.0413826 0.018142 0.0215771 0.0214921 0.0287087
850 0.070679 0.0411006 0.0179942 0.0213107 0.0212931 0.0286661
900 0.0700343 0.0407376 0.0177754 0.0211369 0.0211045 0.0284713
950 0.0693858 0.0402808 0.0175836 0.0209335 0.02089 0.0282244
973 0.0691638 0.0400298 0.0175338 0.0207897 0.020806 0.0282506
1000 0.0686149 0.0398518 0.0174199 0.0207175 0.0207092 0.0281016
1050 0.067767 0.039461 0.017226 0.0204532 0.0204828 0.0280461
1100 0.0671429 0.0389611 0.0170442 0.0203015 0.020266 0.0276686
1150 0.0662495 0.0386221 0.0168527 0.0200963 0.0200945 0.0275871
1200 0.0657235 0.0381993 0.0166401 0.0199231 0.0199023 0.027403
1250 0.0649712 0.0376669 0.0164608 0.019683 0.0197598 0.0271079
1300 0.0643122 0.0373135 0.0162817 0.0194707 0.0195605 0.0269672
1350 0.0635226 0.0369607 0.0160618 0.0192731 0.0193468 0.0267412
1400 0.0625767 0.036514 0.01589 0.0190408 0.0191804 0.026443
