800 4.03821e-10 7.70894e-10 2.54142e-09 6.94945e-09 1.57878e-08 5.17089e-08
850 4.05294e-10 7.71245e-10 2.53245e-09 6.94317e-09 1.58026e-08 5.12336e-08
900 4.02537e-10 7.70589e-10 2.54752e-09 6.93474e-09 1.57975e-08 5.0709e-08
950 4.03154e-10 7.70476e-10 2.53975e-09 6.94881e-09 1.57942e-08 5.00494e-08
973 4.0115e-10 7.71337e-10 2.54698e-09 6.95354e-09 1.57505e-08 5.02802e-08
1000 4.01026e-10 7.7155e-10 2.54842e-09 6.94978e-09 1.57658e-08 5.00809e-08
1050 4.02129e-10 7.71922e-10 2.54358e-09 6.95313e-09 1.57313e-08 4.95684e-08
1100 3.99665e-10 7.71744e-10 2.5525e-09 6.95139e-09 1.57352e-08 4.92125e-08
1150 4.03084e-10 7.71978e-10 2.55307e-09 6.95654e-09 1.57474e-08 4.87753e-08
1200 4.00802e-10 7.70318e-10 2.5543e-09 6.96607e-09 1.57358e-08 4.85134e-08
1250 4.00984e-10 7.70063e-10 2.55586e-09 6.96103e-09 1.57116e-08 4.81624e-08
1300 4.01922e-10 7.72026e-10 2.55369e-09 6.9701e-09 1.5725e-08 4.78464e-08
1350 4.01364e-10 7.712e-10 2.557e-09 6.9747e-09 1.57169e-08 4.75732e-08
1400 4.01325e-10 7.71148e-10 2.55547e-09 6.96348e-09 1.56827e-08 4.7273e-08
