800 7.26715e+16 3.60946e+17 8.14732e+17 4.79854e+17 4.4132e+17 1.39476e+17
850 7.77826e+16 3.86587e+17 8.74954e+17 5.07648e+17 4.6566e+17 1.44332e+17
900 8.10356e+16 4.09775e+17 9.24567e+17 5.4277e+17 4.95311e+17 1.51153e+17
950 8.39202e+16 4.38118e+17 9.68261e+17 5.72953e+17 5.28139e+17 1.57791e+17
973 8.79388e+16 4.41547e+17 1.0046e+18 5.94859e+17 5.4789e+17 1.6222e+17
1000 8.91678e+16 4.49045e+17 1.0221e+18 6.06515e+17 5.60291e+17 1.66109e+17
1050 9.09529e+16 4.77149e+17 1.08655e+18 6.46384e+17 5.93618e+17 1.73109e+17
1100 9.74721e+16 5.02934e+17 1.14502e+18 6.92273e+17 6.37363e+17 1.82048e+17
1150 1.01769e+17 5.17798e+17 1.20018e+18 7.29003e+17 6.71165e+17 1.91374e+17
1200 1.14821e+17 5.50154e+17 1.27168e+18 7.73447e+17 7.12836e+17 1.99135e+17
1250 1.17358e+17 5.95043e+17 1.36434e+18 8.29117e+17 7.58511e+17 2.07976e+17
1300 1.22437e+17 6.2363e+17 1.43638e+18 8.7428e+17 8.04592e+17 2.21021e+17
1350 1.30513e+17 6.54796e+17 1.5256e+18 9.39848e+17 8.63896e+17 2.30759e+17
1400 1.38104e+17 7.10778e+17 1.63834e+18 1.00415e+18 9.12066e+17 2.41317e+17
