800 2.30174 1.52138 0.960541 1.17516 1.12158 1.0815
850 2.33054 1.53504 0.971075 1.18762 1.13385 1.09307
900 2.34802 1.55261 0.981108 1.1996 1.14255 1.10265
950 2.37033 1.56803 0.991317 1.2122 1.1552 1.11228
973 2.38083 1.5764 0.996394 1.21814 1.16081 1.11702
1000 2.40075 1.58443 1.0017 1.22358 1.16613 1.12366
1050 2.42846 1.60321 1.01289 1.23717 1.17835 1.13376
1100 2.44973 1.62025 1.0237 1.25105 1.18972 1.14384
1150 2.48656 1.63678 1.03468 1.26441 1.20271 1.15598
1200 2.5055 1.65578 1.0466 1.27775 1.21547 1.16833
1250 2.53088 1.67556 1.0582 1.29191 1.22767 1.17957
1300 2.55875 1.69286 1.07006 1.30731 1.24154 1.19209
1350 2.59995 1.71431 1.08279 1.32205 1.25533 1.20434
1400 2.62004 1.73264 1.09544 1.33718 1.26918 1.21715
