800 198.307 199.033 199.273 199.273 199.273 199.273
850 198.307 199.033 199.273 199.273 199.273 199.273
900 198.307 199.033 199.273 199.273 199.273 199.273
950 198.307 199.033 199.273 199.273 199.273 199.273
973 198.307 199.033 199.273 199.273 199.273 199.273
1000 198.307 199.033 199.273 199.273 199.273 199.273
1050 198.307 199.033 199.273 199.273 199.273 199.273
1100 198.307 199.033 199.273 199.273 199.273 199.273
1150 198.307 199.033 199.273 199.273 199.273 199.273
1200 198.307 199.033 199.273 199.273 199.273 199.273
1250 198.307 199.033 199.273 199.273 199.273 199.273
1300 198.307 199.033 199.273 199.273 199.273 199.273
1350 198.307 199.033 199.273 199.273 199.273 199.273
1400 198.307 199.033 199.273 199.273 199.273 199.273
