800 0.00236419 0.00029319 1.50902e-08 1.58753e-08 3.96639e-09 0.0
850 0.002341 0.000290082 1.49357e-08 1.57119e-08 3.93363e-09 0.0
900 0.00231601 0.000287601 1.47907e-08 1.56161e-08 3.94051e-09 0.0
950 0.00229183 0.000283793 1.46297e-08 1.54492e-08 3.90346e-09 0.0
973 0.0022784 0.000282369 1.45596e-08 1.5375e-08 3.8882e-09 0.0
1000 0.00226771 0.000281413 1.44811e-08 1.53419e-08 3.90817e-09 0.0
1050 0.00224305 0.000277958 1.43255e-08 1.51759e-08 3.8682e-09 0.0
1100 0.00221599 0.000275394 1.41678e-08 1.50077e-08 3.8336e-09 0.0
1150 0.00219161 0.000271787 1.40177e-08 1.48424e-08 3.79884e-09 0.0
1200 0.00216765 0.000268663 1.38714e-08 1.4754e-08 3.80808e-09 0.0
1250 0.00214313 0.000266146 1.37116e-08 1.45871e-08 3.77411e-09 0.0
1300 0.00211949 0.000262952 1.35624e-08 1.4421e-08 3.73551e-09 0.0
1350 0.00209819 0.000259883 1.34035e-08 1.42576e-08 3.6982e-09 0.0
1400 0.00207301 0.000257365 1.32465e-08 1.40905e-08 3.65716e-09 0.0
