800 0.102949 0.0199703 0.0115284 0.0358493 0.0279479 0.0407067
850 0.103125 0.0199461 0.0115293 0.0358716 0.0279587 0.0409077
900 0.102982 0.0199625 0.0115398 0.035833 0.0279475 0.0409951
950 0.103015 0.0199838 0.0115376 0.0358639 0.0279582 0.0410975
973 0.103067 0.0199788 0.0115374 0.0358577 0.0279789 0.0410565
1000 0.103144 0.0199811 0.0115396 0.0358482 0.0279588 0.0411733
1050 0.102988 0.0199825 0.0115359 0.0358593 0.027999 0.0412637
1100 0.103192 0.0199966 0.0115297 0.0358512 0.0279746 0.0413247
1150 0.103095 0.0199705 0.0115401 0.0358859 0.0279915 0.0413815
1200 0.103024 0.0199737 0.0115336 0.0358378 0.0279953 0.0415056
1250 0.103211 0.0199883 0.0115317 0.0358515 0.027992 0.0416005
1300 0.103008 0.019991 0.0115506 0.0358655 0.0279903 0.0416464
1350 0.103158 0.0200075 0.0115457 0.0358337 0.0280077 0.0417923
1400 0.103156 0.0199951 0.0115366 0.0358609 0.0280021 0.0418576
