800 1.1165e+21 4.4135e+21 1.09206e+22 7.58708e+21 4.97807e+21 1.27782e+21
850 1.13169e+21 4.47366e+21 1.10647e+22 7.68388e+21 5.03435e+21 1.28133e+21
900 1.14836e+21 4.53619e+21 1.12185e+22 7.78269e+21 5.08682e+21 1.28454e+21
950 1.16357e+21 4.59758e+21 1.13661e+22 7.88104e+21 5.14407e+21 1.28955e+21
973 1.17101e+21 4.62543e+21 1.14328e+22 7.92455e+21 5.16997e+21 1.29253e+21
1000 1.17998e+21 4.66135e+21 1.15192e+22 7.98013e+21 5.19814e+21 1.29395e+21
1050 1.19595e+21 4.72321e+21 1.16696e+22 8.08082e+21 5.25784e+21 1.3007e+21
1100 1.21206e+21 4.78736e+21 1.18234e+22 8.18142e+21 5.31698e+21 1.30738e+21
1150 1.22882e+21 4.85299e+21 1.19821e+22 8.28513e+21 5.379e+21 1.31382e+21
1200 1.24679e+21 4.92354e+21 1.21526e+22 8.39354e+21 5.43494e+21 1.31925e+21
1250 1.26435e+21 4.99313e+21 1.23188e+22 8.5019e+21 5.49834e+21 1.32611e+21
1300 1.28153e+21 5.06049e+21 1.24792e+22 8.60795e+21 5.56284e+21 1.33547e+21
1350 1.2994e+21 5.1306e+21 1.26489e+22 8.71877e+21 5.6287e+21 1.34356e+21
1400 1.3185e+21 5.20294e+21 1.28225e+22 8.83134e+21 5.69526e+21 1.35203e+21
