800 3.9837e-10 7.5502e-10 2.68191e-09 6.7186e-09 1.56444e-08 4.55437e-08
850 3.98582e-10 7.55266e-10 2.68093e-09 6.72184e-09 1.56326e-08 4.53999e-08
900 3.98935e-10 7.55007e-10 2.68154e-09 6.723e-09 1.56356e-08 4.53377e-08
950 3.98776e-10 7.54997e-10 2.68266e-09 6.72111e-09 1.56335e-08 4.5376e-08
973 3.98613e-10 7.55419e-10 2.68108e-09 6.72314e-09 1.56365e-08 4.51528e-08
1000 3.98326e-10 7.54771e-10 2.68005e-09 6.72591e-09 1.56343e-08 4.51647e-08
1050 3.98729e-10 7.55224e-10 2.68015e-09 6.72403e-09 1.56304e-08 4.51007e-08
1100 3.98565e-10 7.55162e-10 2.68073e-09 6.72466e-09 1.5638e-08 4.49918e-08
1150 3.98666e-10 7.55364e-10 2.67995e-09 6.72535e-09 1.5633e-08 4.49402e-08
1200 3.98511e-10 7.55236e-10 2.67999e-09 6.72717e-09 1.5643e-08 4.49028e-08
1250 3.9842e-10 7.55322e-10 2.67995e-09 6.72788e-09 1.56287e-08 4.47049e-08
1300 3.98435e-10 7.55626e-10 2.67913e-09 6.73048e-09 1.56386e-08 4.45741e-08
1350 3.98339e-10 7.55396e-10 2.67802e-09 6.72862e-09 1.56376e-08 4.45923e-08
1400 3.9842e-10 7.55324e-10 2.67957e-09 6.73011e-09 1.5638e-08 4.45134e-08
