800 0.134617 0.0635589 0.00737605 4.79766e-05 3.65114e-06 3.14214e-07 0.0 0.22215 0.0452012 6.69434e-05 4.53689e-06 1.23366e-07 0.0 0.0 0.350857 0.0181929 2.88459e-05 1.4186e-06 0.0 0.0 0.0 0.271729 0.0164634 0.0 0.0 0.0 0.0 0.0 0.283803 0.00994094 0.0 0.0 0.0 0.0 0.0 0.285868
850 0.133109 0.0629251 0.00737916 4.27915e-05 3.72153e-06 0.0 0.0 0.219803 0.0448088 6.65534e-05 4.42215e-06 2.19084e-07 0.0 0.0 0.347251 0.0180045 2.90175e-05 1.43214e-06 0.0 0.0 0.0 0.268938 0.0162875 0.0 0.0 0.0 0.0 0.0 0.28113 0.00980274 0.0 0.0 0.0 0.0 0.0 0.283187
900 0.131691 0.0623143 0.00725883 4.18121e-05 3.11618e-06 0.0 0.0 0.217499 0.0443418 6.43637e-05 4.78307e-06 1.45515e-07 0.0 0.0 0.343678 0.0178147 2.79918e-05 1.30869e-06 0.0 0.0 0.0 0.266457 0.0161127 0.0 0.0 0.0 0.0 0.0 0.278569 0.00968223 0.0 0.0 0.0 0.0 0.0 0.280538
950 0.130379 0.0615609 0.00719942 4.29779e-05 3.33295e-06 1.49719e-07 0.0 0.215227 0.0438515 6.4521e-05 4.81716e-06 3.68352e-07 0.0 0.0 0.340044 0.0176253 2.834e-05 1.38715e-06 0.0 0.0 0.0 0.263665 0.0159232 0.0 0.0 0.0 0.0 0.0 0.27583 0.00955511 0.0 0.0 0.0 0.0 0.0 0.277842
973 0.129747 0.0613352 0.00710261 4.25588e-05 3.65627e-06 2.93024e-07 0.0 0.214171 0.0436681 6.45477e-05 4.26924e-06 1.10122e-07 0.0 0.0 0.338396 0.0175316 2.77866e-05 1.38403e-06 0.0 0.0 0.0 0.262365 0.0158506 0.0 0.0 0.0 0.0 0.0 0.274563 0.00949867 0.0 0.0 0.0 0.0 0.0 0.276605
1000 0.129015 0.0610116 0.00705996 4.31053e-05 3.88753e-06 0.0 0.0 0.212949 0.0433958 6.5201e-05 4.74071e-06 1.55252e-07 0.0 0.0 0.33651 0.0174305 2.79665e-05 1.43529e-06 0.0 0.0 0.0 0.26115 0.015764 0.0 0.0 0.0 0.0 0.0 0.273257 0.00943254 0.0 0.0 0.0 0.0 0.0 0.275183
1050 0.127555 0.0603712 0.00699241 4.41007e-05 2.89037e-06 2.77845e-07 0.0 0.210675 0.0428826 6.32662e-05 4.65207e-06 1.9375e-07 0.0 0.0 0.33288 0.0172458 2.76684e-05 1.39201e-06 0.0 0.0 0.0 0.258331 0.0155811 0.0 0.0 0.0 0.0 0.0 0.270469 0.0093031 0.0 0.0 0.0 0.0 0.0 0.272428
1100 0.126399 0.0594961 0.00690009 4.05172e-05 2.47129e-06 1.55148e-07 0.0 0.208412 0.0424043 6.35384e-05 4.56547e-06 2.53553e-07 0.0 0.0 0.329268 0.0170483 2.71761e-05 1.25417e-06 0.0 0.0 0.0 0.255496 0.0154099 0.0 0.0 0.0 0.0 0.0 0.267699 0.00917009 0.0 0.0 0.0 0.0 0.0 0.269701
1150 0.124845 0.0590112 0.00687577 4.50886e-05 2.86027e-06 1.20382e-07 0.0 0.206099 0.0419781 6.06873e-05 4.51711e-06 1.87054e-07 0.0 0.0 0.325644 0.0168598 2.63668e-05 1.3126e-06 0.0 0.0 0.0 0.252712 0.0152291 0.0 0.0 0.0 0.0 0.0 0.264941 0.00904787 0.0 0.0 0.0 0.0 0.0 0.267004
1200 0.123446 0.0583416 0.00678479 4.31538e-05 2.37504e-06 1.28369e-07 0.0 0.203837 0.0414823 6.1652e-05 4.69669e-06 1.18702e-07 0.0 0.0 0.322092 0.0166628 2.63611e-05 1.2558e-06 0.0 0.0 0.0 0.250307 0.0150427 0.0 0.0 0.0 0.0 0.0 0.262343 0.00893552 0.0 0.0 0.0 0.0 0.0 0.264257
1250 0.122184 0.0575672 0.00672836 4.12407e-05 3.3598e-06 1.19392e-07 0.0 0.201468 0.0410949 6.00375e-05 4.40904e-06 9.72782e-08 0.0 0.0 0.318475 0.0164878 2.61157e-05 1.13113e-06 0.0 0.0 0.0 0.247503 0.0148595 0.0 0.0 0.0 0.0 0.0 0.259539 0.00880983 0.0 0.0 0.0 0.0 0.0 0.261515
1300 0.120795 0.0569131 0.00663182 3.89543e-05 3.82406e-06 2.32909e-07 0.0 0.199241 0.0405531 5.9719e-05 4.53566e-06 1.31946e-07 0.0 0.0 0.314887 0.0162808 2.56499e-05 1.26526e-06 0.0 0.0 0.0 0.244699 0.0146904 0.0 0.0 0.0 0.0 0.0 0.256726 0.00869252 0.0 0.0 0.0 0.0 0.0 0.258782
1350 0.119267 0.0563223 0.00654352 3.88354e-05 2.86334e-06 0.0 0.0 0.19693 0.0400909 6.04891e-05 4.07027e-06 2.17855e-07 0.0 0.0 0.311253 0.0160993 2.64893e-05 1.22592e-06 0.0 0.0 0.0 0.24189 0.0145251 0.0 0.0 0.0 0.0 0.0 0.253916 0.00856859 0.0 0.0 0.0 0.0 0.0 0.255995
1400 0.117944 0.0556291 0.00651306 4.00324e-05 3.02217e-06 0.0 0.0 0.194627 0.0396403 5.7924e-05 4.47429e-06 1.65712e-07 0.0 0.0 0.307655 0.0159075 2.54329e-05 1.25835e-06 0.0 0.0 0.0 0.239086 0.014341 0.0 0.0 0.0 0.0 0.0 0.251103 0.00845263 0.0 0.0 0.0 0.0 0.0 0.253239
