800 0.0941372 0.0668509 0.0890237 0.197756 0.320554 0.948568
850 0.0952424 0.067227 0.0884992 0.197952 0.321594 0.943795
900 0.0903506 0.0674597 0.0896408 0.197843 0.319614 0.930294
950 0.0932456 0.0664062 0.089398 0.197819 0.320422 0.922158
973 0.0896805 0.0668897 0.0895462 0.198128 0.317543 0.923621
1000 0.0923132 0.0672767 0.0899195 0.19834 0.318965 0.917594
1050 0.0904377 0.0670119 0.0892502 0.198645 0.317849 0.908731
1100 0.0875658 0.0666545 0.0897133 0.198831 0.317394 0.901709
1150 0.0912265 0.0673739 0.0900774 0.19884 0.318162 0.894409
1200 0.088158 0.0666705 0.0900815 0.199424 0.316194 0.89244
1250 0.0849633 0.0664638 0.0901042 0.199516 0.316835 0.884481
1300 0.0888119 0.0668249 0.0904231 0.200285 0.317303 0.875069
1350 0.0857047 0.0666768 0.0905128 0.199658 0.315526 0.872308
1400 0.0874293 0.0666704 0.0906752 0.198834 0.316406 0.86454
