800 0.136038 0.0604737 0.00707491 4.45291e-05 9.55619e-07 0.0 0.0 0.222954 0.0389343 5.98516e-05 3.64697e-06 1.59211e-07 0.0 0.0 0.357199 0.014405 3.07945e-05 1.52631e-06 0.0 0.0 0.0 0.272154 0.0142946 0.0 0.0 0.0 0.0 0.0 0.284715 0.00807757 0.0 0.0 0.0 0.0 0.0 0.288962
850 0.134792 0.0597115 0.00690645 4.52493e-05 2.67004e-06 9.30452e-07 0.0 0.220567 0.0386969 6.4463e-05 6.07217e-06 1.1436e-07 0.0 0.0 0.353489 0.0142877 2.86735e-05 1.76739e-06 0.0 0.0 0.0 0.269392 0.0141552 0.0 0.0 0.0 0.0 0.0 0.282033 0.00797865 0.0 0.0 0.0 0.0 0.0 0.286055
900 0.133316 0.0591536 0.00684784 3.83859e-05 3.45272e-06 0.0 0.0 0.218192 0.0383709 6.28178e-05 4.23973e-06 1.09163e-07 0.0 0.0 0.349832 0.0140791 2.68902e-05 1.42595e-06 0.0 0.0 0.0 0.266787 0.0140188 0.0 0.0 0.0 0.0 0.0 0.279374 0.00790167 0.0 0.0 0.0 0.0 0.0 0.283582
950 0.131839 0.058652 0.00676191 3.99232e-05 5.49274e-06 0.0 0.0 0.215921 0.03793 6.21872e-05 3.10326e-06 9.2394e-08 0.0 0.0 0.346276 0.0139278 2.82776e-05 1.3939e-06 0.0 0.0 0.0 0.263969 0.0138836 0.0 0.0 0.0 0.0 0.0 0.276627 0.00778104 0.0 0.0 0.0 0.0 0.0 0.2809
973 0.131087 0.0585189 0.00668699 3.77664e-05 4.99438e-06 0.0 0.0 0.214908 0.0376774 6.16579e-05 4.53741e-06 2.04915e-07 0.0 0.0 0.344511 0.0139128 2.71256e-05 1.63102e-06 0.0 0.0 0.0 0.262728 0.0138238 0.0 0.0 0.0 0.0 0.0 0.27535 0.0077486 0.0 0.0 0.0 0.0 0.0 0.279626
1000 0.130467 0.0579639 0.00663142 3.82066e-05 2.93185e-06 0.0 0.0 0.21367 0.0375451 5.93312e-05 4.81113e-06 2.15712e-07 0.0 0.0 0.342598 0.013842 3.01987e-05 1.12099e-06 0.0 0.0 0.0 0.261421 0.0137239 0.0 0.0 0.0 0.0 0.0 0.273982 0.00770451 0.0 0.0 0.0 0.0 0.0 0.278074
1050 0.129171 0.0572436 0.00662846 3.86493e-05 4.17712e-07 0.0 0.0 0.211324 0.0371383 5.75276e-05 3.53019e-06 9.31356e-08 0.0 0.0 0.338866 0.0136648 2.63716e-05 1.53873e-06 0.0 0.0 0.0 0.258626 0.0136024 0.0 0.0 0.0 0.0 0.0 0.271131 0.00761427 0.0 0.0 0.0 0.0 0.0 0.275377
1100 0.127665 0.0569342 0.00645583 4.05434e-05 2.48715e-06 0.0 0.0 0.209081 0.0366648 6.31182e-05 4.86933e-06 1.97852e-07 0.0 0.0 0.335305 0.0135285 2.62964e-05 1.69936e-06 0.0 0.0 0.0 0.255733 0.0134987 0.0 0.0 0.0 0.0 0.0 0.268375 0.00753954 0.0 0.0 0.0 0.0 0.0 0.272597
1150 0.126434 0.0559321 0.00652212 3.57368e-05 1.1107e-06 0.0 0.0 0.206751 0.0363518 5.77085e-05 4.80169e-06 1.90939e-07 0.0 0.0 0.33164 0.0133894 2.5395e-05 1.09265e-06 0.0 0.0 0.0 0.252884 0.0133583 0.0 0.0 0.0 0.0 0.0 0.265552 0.00743028 0.0 0.0 0.0 0.0 0.0 0.269812
1200 0.124736 0.0556018 0.00641721 3.76475e-05 3.01281e-06 0.0 0.0 0.204414 0.0359514 5.43937e-05 4.04169e-06 1.88118e-07 0.0 0.0 0.327942 0.0132024 2.68427e-05 1.36116e-06 0.0 0.0 0.0 0.250356 0.0132248 0.0 0.0 0.0 0.0 0.0 0.26285 0.00735475 0.0 0.0 0.0 0.0 0.0 0.266992
1250 0.123477 0.0549848 0.00626391 4.18929e-05 2.21093e-06 0.0 0.0 0.202205 0.0354413 5.8754e-05 4.5564e-06 3.10203e-07 0.0 0.0 0.324353 0.0130553 2.68891e-05 1.73991e-06 0.0 0.0 0.0 0.247573 0.0131025 0.0 0.0 0.0 0.0 0.0 0.260001 0.00725454 0.0 0.0 0.0 0.0 0.0 0.264405
1300 0.121935 0.0543648 0.00630562 4.52743e-05 2.18802e-06 7.00813e-07 0.0 0.199843 0.0350947 5.23547e-05 4.09375e-06 8.24147e-08 0.0 0.0 0.320719 0.0129151 2.76678e-05 1.12675e-06 0.0 0.0 0.0 0.244732 0.0129617 0.0 0.0 0.0 0.0 0.0 0.257173 0.00716754 0.0 0.0 0.0 0.0 0.0 0.261485
1350 0.120546 0.0537115 0.00618828 3.52508e-05 1.97766e-06 0.0 0.0 0.197485 0.0347837 5.42198e-05 3.22185e-06 3.40504e-07 0.0 0.0 0.317108 0.0127546 2.81033e-05 1.55557e-06 0.0 0.0 0.0 0.241892 0.0127975 0.0 0.0 0.0 0.0 0.0 0.254346 0.00706097 0.0 0.0 0.0 0.0 0.0 0.258689
1400 0.119386 0.0529289 0.00607924 4.03782e-05 2.92995e-06 0.0 0.0 0.195224 0.0343961 5.45687e-05 3.34015e-06 2.63113e-07 0.0 0.0 0.313429 0.0126051 2.5044e-05 1.46982e-06 0.0 0.0 0.0 0.239112 0.0126579 0.0 0.0 0.0 0.0 0.0 0.251436 0.00702473 0.0 0.0 0.0 0.0 0.0 0.25593
