800 196.788 196.788 196.788 196.788 196.788 0.0
850 196.788 196.788 196.788 196.788 196.788 0.0
900 196.788 196.788 196.788 196.788 196.788 0.0
950 196.788 196.788 196.788 196.788 196.788 0.0
973 196.788 196.788 196.788 196.788 196.788 0.0
1000 196.788 196.788 196.788 196.788 196.788 0.0
1050 196.788 196.788 196.788 196.788 196.788 0.0
1100 196.788 196.788 196.788 196.788 196.788 0.0
1150 196.788 196.788 196.788 196.788 196.788 0.0
1200 196.788 196.788 196.788 196.788 196.788 0.0
1250 196.788 196.788 196.788 196.788 196.788 0.0
1300 196.788 196.788 196.788 196.788 196.788 0.0
1350 196.788 196.788 196.788 196.788 196.788 0.0
1400 196.788 196.788 196.788 196.788 196.788 0.0
