800 4.42397e-08 2.44946e-06 8.468e-07 6.24346e-06 3.3828e-05 5.7306e-06 1.73014e-05 4.77807e-06
850 7.83966e-08 2.15605e-06 1.76521e-07 4.20705e-06 2.35586e-05 8.76799e-06 1.37406e-05 2.60261e-06
900 3.50061e-08 3.69775e-06 1.25221e-06 2.45902e-06 2.58225e-05 9.25542e-06 1.06999e-05 6.56821e-06
950 1.11151e-07 3.52931e-06 8.73107e-07 7.37622e-06 2.61931e-05 4.14512e-06 1.33656e-05 3.35454e-06
973 5.90574e-08 2.9382e-06 7.23689e-07 8.29306e-06 2.55603e-05 1.32637e-05 1.28368e-05 3.27891e-06
1000 3.38477e-08 2.26791e-06 1.78029e-06 6.05159e-06 3.28291e-05 8.80337e-06 2.07635e-05 6.37886e-07
1050 5.56176e-08 3.99763e-06 7.88005e-07 6.03481e-06 2.38481e-05 1.32171e-05 1.28802e-05 1.14815e-06
1100 5.69245e-08 3.7244e-06 7.57337e-07 5.37877e-06 2.82237e-05 1.63062e-06 1.60628e-05 1.8983e-06
1150 5.63257e-08 3.04528e-06 1.02412e-06 3.92679e-06 3.18939e-05 7.83129e-06 1.64781e-05 2.14549e-06
1200 4.5306e-08 2.75319e-06 5.86723e-07 5.66553e-06 2.98108e-05 7.5479e-06 1.58443e-05 1.80449e-06
1250 4.36376e-08 3.60613e-06 1.48878e-06 6.67529e-06 2.43011e-05 7.574e-06 1.42484e-05 2.66002e-06
1300 4.63385e-08 3.79512e-06 7.69352e-07 8.72509e-06 2.99153e-05 7.7686e-06 2.17281e-05 1.11822e-06
1350 6.86475e-08 2.22215e-06 2.32693e-07 8.6842e-06 2.61579e-05 8.46494e-06 1.3121e-05 2.32632e-06
1400 3.49222e-08 2.40653e-06 3.40534e-07 2.94552e-06 2.61927e-05 1.00384e-05 2.13204e-05 4.6011e-07
