800 0.00222733 0.00156611 0.00176164 0.00270427 0.00555475 0.0140452
850 0.00220745 0.00154982 0.00174351 0.00267667 0.00549728 0.0138441
900 0.00218311 0.00153392 0.00172517 0.00264857 0.00544807 0.013675
950 0.00215945 0.0015175 0.001707 0.0026222 0.00538557 0.0135369
973 0.00214976 0.00151023 0.00169876 0.00260902 0.00535729 0.0134617
1000 0.00213676 0.00150131 0.0016892 0.00259429 0.00532624 0.0133684
1050 0.00211528 0.00148498 0.00167069 0.00256636 0.00527019 0.0132397
1100 0.00209192 0.00146901 0.00165247 0.00253922 0.00521424 0.0130603
1150 0.00206651 0.0014527 0.00163419 0.00251116 0.00515568 0.0128719
1200 0.00204492 0.00143659 0.0016159 0.00248401 0.00509843 0.0127243
1250 0.00202159 0.00142002 0.00159771 0.00245683 0.0050403 0.0125902
1300 0.00199877 0.00140411 0.00157959 0.00242855 0.00498501 0.0124173
1350 0.00197651 0.00138783 0.00156127 0.00240151 0.00492578 0.0122572
1400 0.00195284 0.00137173 0.00154313 0.00237325 0.00487274 0.0120789
