800 0.0736142 0.0462759 0.0203638 0.0213388 0.0179564 0.0127838
850 0.0729314 0.0458687 0.0201462 0.0211073 0.0177853 0.0127975
900 0.0721766 0.0453855 0.0199317 0.0208977 0.0176302 0.0128593
950 0.0713638 0.0449031 0.0197267 0.0206658 0.0174671 0.0128894
973 0.071025 0.0447108 0.0196184 0.0205743 0.0173974 0.0128891
1000 0.0706209 0.0444324 0.0195117 0.0204653 0.017303 0.0128905
1050 0.0699083 0.0439073 0.0193039 0.0202278 0.0171355 0.0128981
1100 0.0689131 0.0434192 0.0190872 0.0200216 0.0169691 0.0128919
1150 0.068351 0.0429743 0.0188697 0.0197811 0.0167849 0.0129122
1200 0.0675699 0.0424747 0.018652 0.0195661 0.0166213 0.0129002
1250 0.0667092 0.0420691 0.0184533 0.0193357 0.0164581 0.0128819
1300 0.0659404 0.0415182 0.0182279 0.019107 0.0162849 0.0128782
1350 0.0652577 0.0410497 0.0180211 0.0188935 0.0160916 0.0128314
1400 0.0644595 0.0405844 0.0178057 0.018661 0.0159138 0.0128107
