800 2.28203 1.48493 0.965751 1.17797 1.13898 1.15204
850 2.29916 1.50004 0.975727 1.1903 1.14983 1.16245
900 2.3312 1.51576 0.986075 1.20157 1.16024 1.1727
950 2.35212 1.53175 0.996681 1.21432 1.17148 1.18335
973 2.36201 1.53949 1.00147 1.22006 1.1771 1.18843
1000 2.37614 1.54865 1.00716 1.22592 1.18261 1.19419
1050 2.40216 1.56576 1.01816 1.23946 1.1948 1.20575
1100 2.43207 1.58292 1.02939 1.25288 1.20701 1.21731
1150 2.45639 1.59999 1.04082 1.26696 1.21979 1.22917
1200 2.48297 1.61799 1.05225 1.27931 1.23191 1.24133
1250 2.51143 1.63663 1.06419 1.29379 1.24504 1.25371
1300 2.54399 1.65562 1.07631 1.3087 1.25845 1.26667
1350 2.56857 1.67493 1.08903 1.32388 1.27251 1.27977
1400 2.6018 1.69528 1.10171 1.33931 1.28674 1.29322
