800 0.158768 0.0811214 0.00110113 4.9214e-05 0.0 0.0 0.0 0.279151 0.0576313 0.0 0.0 0.0 0.0 0.0 0.528363 0.042316 0.0 0.0 0.0 0.0 0.0 0.535529 0.0738194 0.0 0.0 0.0 0.0 0.0 0.567059 0.0332818 0.0 0.0 0.0 0.0 0.0 0.599415
850 0.158408 0.0843343 0.00120882 0.0 0.0 0.0 0.0 0.27959 0.058573 0.0 0.0 0.0 0.0 0.0 0.52831 0.0418844 0.0 0.0 0.0 0.0 0.0 0.535179 0.0733966 0.0 0.0 0.0 0.0 0.0 0.566294 0.0326531 0.0 0.0 0.0 0.0 0.0 0.595495
900 0.162225 0.0788215 0.000625603 0.0 0.0 0.0 0.0 0.278853 0.0581756 0.0 0.0 0.0 0.0 0.0 0.528004 0.0429271 0.0 0.0 0.0 0.0 0.0 0.53518 0.0732577 0.0 0.0 0.0 0.0 0.0 0.568179 0.0324352 0.0 0.0 0.0 0.0 0.0 0.599315
950 0.159469 0.0820913 0.00123682 0.0 0.0 0.0 0.0 0.279468 0.0573036 0.0 0.0 0.0 0.0 0.0 0.527923 0.0425551 0.0 0.0 0.0 0.0 0.0 0.535263 0.0736553 0.0 0.0 0.0 0.0 0.0 0.567312 0.0329087 0.0 0.0 0.0 0.0 0.0 0.595371
973 0.161787 0.0778905 0.000826154 0.0 0.0 0.0 0.0 0.279302 0.058024 0.0 0.0 0.0 0.0 0.0 0.528067 0.0426757 0.0 0.0 0.0 0.0 0.0 0.535159 0.0740657 0.0 0.0 0.0 0.0 0.0 0.569388 0.0327317 0.0 0.0 0.0 0.0 0.0 0.598158
1000 0.159376 0.0801919 0.00105561 0.0 0.0 0.0 0.0 0.279098 0.0578095 0.0 0.0 0.0 0.0 0.0 0.527803 0.0429067 0.0 0.0 0.0 0.0 0.0 0.53495 0.073338 0.0 0.0 0.0 0.0 0.0 0.568243 0.03239 0.0 0.0 0.0 0.0 0.0 0.600476
1050 0.161771 0.0797941 0.000699651 0.0 0.0 0.0 0.0 0.279702 0.0580725 0.0 0.0 0.0 0.0 0.0 0.528175 0.0428694 0.0 0.0 0.0 0.0 0.0 0.534947 0.0739667 0.0 0.0 0.0 0.0 0.0 0.568729 0.0323353 0.0 0.0 0.0 0.0 0.0 0.599963
1100 0.163445 0.0776035 0.000947222 0.0 0.0 0.0 0.0 0.279433 0.0576291 0.0 0.0 0.0 0.0 0.0 0.528128 0.0433493 0.0 0.0 0.0 0.0 0.0 0.534526 0.073982 0.0 0.0 0.0 0.0 0.0 0.569257 0.0325066 0.0 0.0 0.0 0.0 0.0 0.600453
1150 0.161027 0.0807239 0.00101876 0.0 0.0 0.0 0.0 0.278806 0.0584448 0.0 0.0 0.0 0.0 0.0 0.527747 0.0433986 0.0 0.0 0.0 0.0 0.0 0.53465 0.0740528 0.0 0.0 0.0 0.0 0.0 0.568714 0.0323412 0.0 0.0 0.0 0.0 0.0 0.599725
1200 0.163427 0.0771581 0.000931364 0.0 0.0 0.0 0.0 0.279185 0.0573835 0.0 0.0 0.0 0.0 0.0 0.527795 0.0434675 0.0 0.0 0.0 0.0 0.0 0.534028 0.0746858 0.0 0.0 0.0 0.0 0.0 0.570464 0.0322418 0.0 0.0 0.0 0.0 0.0 0.59683
1250 0.166211 0.0750724 0.000589622 0.0 0.0 0.0 0.0 0.279668 0.057427 0.0 0.0 0.0 0.0 0.0 0.527956 0.0438413 0.0 0.0 0.0 0.0 0.0 0.533895 0.0745638 0.0 0.0 0.0 0.0 0.0 0.569382 0.0318821 0.0 0.0 0.0 0.0 0.0 0.598375
1300 0.163051 0.077051 0.00108938 0.0 0.0 0.0 0.0 0.279681 0.0578233 0.0 0.0 0.0 0.0 0.0 0.527478 0.0434826 0.0 0.0 0.0 0.0 0.0 0.53345 0.0744097 0.0 0.0 0.0 0.0 0.0 0.569161 0.0319758 0.0 0.0 0.0 0.0 0.0 0.601991
1350 0.165779 0.0758684 0.000792633 0.0 0.0 0.0 0.0 0.279349 0.0577877 0.0 0.0 0.0 0.0 0.0 0.527639 0.0436738 0.0 0.0 0.0 0.0 0.0 0.534042 0.0748195 0.0 0.0 0.0 0.0 0.0 0.57079 0.0317287 0.0 0.0 0.0 0.0 0.0 0.599736
1400 0.16418 0.0775615 0.000760663 0.0 0.0 0.0 0.0 0.279358 0.0576837 0.0 0.0 0.0 0.0 0.0 0.527309 0.0439301 0.0 0.0 0.0 0.0 0.0 0.534779 0.0745144 0.0 0.0 0.0 0.0 0.0 0.569282 0.0312524 0.0 0.0 0.0 0.0 0.0 0.601993
