800 1.4678e+19 9.22578e+19 3.76994e+20 3.73562e+20 3.97498e+20 2.81177e+20
850 1.51167e+19 9.51411e+19 3.89231e+20 3.8588e+20 4.09685e+20 2.85431e+20
900 1.55832e+19 9.78251e+19 4.00152e+20 3.96309e+20 4.19675e+20 2.87826e+20
950 1.61147e+19 1.01138e+20 4.13297e+20 4.08876e+20 4.31628e+20 2.91463e+20
973 1.63025e+19 1.02466e+20 4.19261e+20 4.14359e+20 4.37374e+20 2.93738e+20
1000 1.6571e+19 1.04241e+20 4.25795e+20 4.20989e+20 4.4353e+20 2.95616e+20
1050 1.70356e+19 1.07367e+20 4.37974e+20 4.32808e+20 4.5521e+20 2.99416e+20
1100 1.77017e+19 1.10998e+20 4.52829e+20 4.46779e+20 4.68524e+20 3.03656e+20
1150 1.82502e+19 1.14539e+20 4.67639e+20 4.61118e+20 4.82412e+20 3.08378e+20
1200 1.87958e+19 1.18253e+20 4.82191e+20 4.74834e+20 4.95334e+20 3.12931e+20
1250 1.94187e+19 1.21842e+20 4.97856e+20 4.9019e+20 5.09892e+20 3.18003e+20
1300 2.00346e+19 1.25856e+20 5.13099e+20 5.04683e+20 5.24128e+20 3.22666e+20
1350 2.07332e+19 1.30204e+20 5.30696e+20 5.21211e+20 5.40548e+20 3.29151e+20
1400 2.14334e+19 1.34618e+20 5.49011e+20 5.39015e+20 5.57472e+20 3.35173e+20
