800 2.28791 1.52319 0.966832 1.17684 1.12434 1.08724
850 2.31163 1.53901 0.976856 1.18914 1.13524 1.09696
900 2.33662 1.55529 0.98705 1.20049 1.14584 1.10692
950 2.36093 1.57181 0.997544 1.2133 1.15732 1.1172
973 2.37288 1.57959 1.00243 1.21927 1.16267 1.12205
1000 2.38616 1.58864 1.00808 1.22528 1.16838 1.12757
1050 2.41283 1.60596 1.01913 1.23876 1.18054 1.13869
1100 2.4387 1.62367 1.0303 1.25238 1.19286 1.14978
1150 2.46592 1.64167 1.04171 1.26629 1.20552 1.16121
1200 2.49342 1.66019 1.05333 1.27896 1.21752 1.17296
1250 2.52179 1.67918 1.06527 1.29348 1.23076 1.18482
1300 2.55107 1.69844 1.07746 1.3084 1.24442 1.19735
1350 2.58062 1.71818 1.08997 1.32357 1.25831 1.21008
1400 2.61088 1.7383 1.10277 1.33917 1.27258 1.22294
