800 0.00609577 0.00401226 0.00440337 0.00673886 0.0138328 0.0349859
850 0.00604695 0.00397047 0.00435806 0.00667008 0.0136897 0.0344853
900 0.0059772 0.00392973 0.00431223 0.00660006 0.0135671 0.0340643
950 0.00591164 0.00388768 0.00426682 0.00653433 0.0134115 0.0337203
973 0.00588641 0.00386905 0.0042462 0.00650149 0.013341 0.0335331
1000 0.00585005 0.0038462 0.00422231 0.00646477 0.0132637 0.0333008
1050 0.00579313 0.0038044 0.00417606 0.00639517 0.0131241 0.0329801
1100 0.00572876 0.00376347 0.0041305 0.00632755 0.0129848 0.0325335
1150 0.00565581 0.00372162 0.00408482 0.00625762 0.012839 0.0320644
1200 0.00559997 0.0036804 0.00403913 0.00618994 0.0126964 0.0316967
1250 0.005534 0.00363799 0.00399367 0.00612222 0.0125516 0.0313626
1300 0.00547183 0.00359724 0.00394836 0.00605175 0.0124139 0.0309322
1350 0.00541343 0.0035555 0.00390257 0.00598437 0.0122664 0.0305334
1400 0.00534719 0.00351424 0.00385722 0.00591394 0.0121344 0.0300894
