800 1.69498 1.41014 0.740207 0.232625 0.228953 0.233426
850 1.69512 1.41014 0.740059 0.232598 0.228854 0.233348
900 1.69686 1.40985 0.739741 0.232582 0.228764 0.233199
950 1.69471 1.41001 0.739908 0.232575 0.228707 0.233116
973 1.69371 1.40952 0.740036 0.232566 0.228629 0.23307
1000 1.69487 1.40954 0.739856 0.232558 0.228618 0.233016
1050 1.69701 1.41003 0.739762 0.232544 0.228524 0.232906
1100 1.69383 1.40984 0.73992 0.232509 0.22845 0.232785
1150 1.69503 1.40966 0.739787 0.232517 0.228386 0.232728
1200 1.69679 1.40975 0.73985 0.232487 0.228336 0.232624
1250 1.69354 1.40911 0.739872 0.232453 0.228266 0.232576
1300 1.69317 1.40869 0.739705 0.232448 0.228222 0.232456
1350 1.69573 1.40926 0.739664 0.232413 0.228132 0.232338
1400 1.69459 1.40869 0.739735 0.232449 0.228068 0.232253
