800 0.135943 0.0605406 0.00704548 4.86818e-05 1.35741e-06 4.10423e-07 0.0 0.222851 0.0390897 6.47146e-05 4.2297e-06 0.0 0.0 0.0 0.357098 0.0144359 2.99875e-05 1.38878e-06 0.0 0.0 0.0 0.27223 0.0142783 0.0 0.0 0.0 0.0 0.0 0.284813 0.00806966 0.0 0.0 0.0 0.0 0.0 0.288803
850 0.134699 0.0599366 0.00683016 3.97138e-05 3.44249e-06 5.71622e-07 0.0 0.220618 0.0386186 5.92671e-05 3.9427e-06 0.0 0.0 0.0 0.353462 0.0142512 2.87452e-05 1.90256e-06 0.0 0.0 0.0 0.269324 0.0141956 0.0 0.0 0.0 0.0 0.0 0.282115 0.00795065 0.0 0.0 0.0 0.0 0.0 0.286213
900 0.133238 0.0595091 0.00670896 4.1926e-05 2.79957e-06 0.0 0.0 0.218267 0.0382807 6.109e-05 3.45611e-06 9.45848e-08 0.0 0.0 0.349843 0.0141289 2.79744e-05 1.39335e-06 0.0 0.0 0.0 0.266833 0.0140335 0.0 0.0 0.0 0.0 0.0 0.279339 0.00789504 0.0 0.0 0.0 0.0 0.0 0.283401
950 0.132113 0.0585547 0.00674678 4.4558e-05 2.42894e-06 0.0 0.0 0.215991 0.037834 6.62849e-05 5.67466e-06 1.81423e-07 0.0 0.0 0.346207 0.0139983 2.83073e-05 1.95186e-06 0.0 0.0 0.0 0.264005 0.0138627 0.0 0.0 0.0 0.0 0.0 0.276613 0.00780462 0.0 0.0 0.0 0.0 0.0 0.280973
973 0.131214 0.0584242 0.00665824 4.25571e-05 3.03071e-06 0.0 0.0 0.214937 0.037692 6.5735e-05 4.07717e-06 1.35891e-07 0.0 0.0 0.344612 0.0139016 2.71115e-05 1.81124e-06 0.0 0.0 0.0 0.262699 0.013833 0.0 0.0 0.0 0.0 0.0 0.275406 0.00771552 0.0 0.0 0.0 0.0 0.0 0.279447
1000 0.130407 0.0579537 0.00674384 4.08658e-05 3.86492e-06 1.32763e-06 0.0 0.213615 0.0374792 5.92557e-05 3.33749e-06 0.0 0.0 0.0 0.342594 0.0138162 2.76831e-05 1.67015e-06 0.0 0.0 0.0 0.261407 0.0137823 0.0 0.0 0.0 0.0 0.0 0.274043 0.00767051 0.0 0.0 0.0 0.0 0.0 0.278061
1050 0.128861 0.0575921 0.00659024 4.08712e-05 3.26514e-06 0.0 0.0 0.211428 0.0370273 5.95299e-05 4.5275e-06 0.0 0.0 0.0 0.338977 0.0136509 2.70206e-05 1.84615e-06 0.0 0.0 0.0 0.258567 0.0135864 0.0 0.0 0.0 0.0 0.0 0.27113 0.00758616 0.0 0.0 0.0 0.0 0.0 0.275333
1100 0.127712 0.0566861 0.00664038 4.33617e-05 1.75627e-06 0.0 0.0 0.209105 0.0366008 6.13313e-05 4.22958e-06 2.66236e-07 0.0 0.0 0.335318 0.013536 2.66386e-05 1.38993e-06 0.0 0.0 0.0 0.255736 0.0134434 0.0 0.0 0.0 0.0 0.0 0.268358 0.00752641 0.0 0.0 0.0 0.0 0.0 0.272534
1150 0.126183 0.0562742 0.00642973 4.66492e-05 3.25808e-06 0.0 0.0 0.206733 0.0363291 5.74427e-05 3.55863e-06 2.93659e-07 0.0 0.0 0.331564 0.0133631 2.82204e-05 1.44886e-06 0.0 0.0 0.0 0.252923 0.0133229 0.0 0.0 0.0 0.0 0.0 0.265521 0.00743569 0.0 0.0 0.0 0.0 0.0 0.269899
1200 0.124837 0.055491 0.00636976 4.001e-05 3.41594e-06 3.54336e-07 0.0 0.204467 0.0358989 6.01286e-05 3.63614e-06 9.20922e-08 0.0 0.0 0.32801 0.0132395 2.53513e-05 1.38223e-06 0.0 0.0 0.0 0.250405 0.0131881 0.0 0.0 0.0 0.0 0.0 0.262884 0.00735085 0.0 0.0 0.0 0.0 0.0 0.267112
1250 0.123484 0.0547882 0.00635124 3.5488e-05 1.81764e-06 3.69619e-07 0.0 0.202181 0.0354637 5.99028e-05 3.36886e-06 0.0 0.0 0.0 0.324405 0.0130748 2.70446e-05 1.48412e-06 0.0 0.0 0.0 0.24758 0.0130486 0.0 0.0 0.0 0.0 0.0 0.260035 0.0072672 0.0 0.0 0.0 0.0 0.0 0.26433
1300 0.122114 0.0541973 0.00630267 2.74576e-05 1.46954e-06 0.0 0.0 0.199931 0.035091 5.61188e-05 4.41697e-06 1.77419e-07 0.0 0.0 0.320721 0.0129293 2.57787e-05 1.62097e-06 0.0 0.0 0.0 0.244802 0.0128995 0.0 0.0 0.0 0.0 0.0 0.257197 0.00717288 0.0 0.0 0.0 0.0 0.0 0.261518
1350 0.120674 0.0535867 0.00622161 3.98869e-05 4.34818e-06 0.0 0.0 0.197489 0.0347856 5.62266e-05 3.51247e-06 0.0 0.0 0.0 0.317158 0.0127811 2.55686e-05 1.55751e-06 0.0 0.0 0.0 0.241911 0.0128008 0.0 0.0 0.0 0.0 0.0 0.254306 0.00711796 0.0 0.0 0.0 0.0 0.0 0.258592
1400 0.119368 0.0529032 0.0061047 3.49513e-05 2.10527e-06 6.59214e-07 0.0 0.1953 0.0342781 5.49631e-05 4.82529e-06 2.64102e-07 0.0 0.0 0.313387 0.0126233 2.47178e-05 1.28483e-06 0.0 0.0 0.0 0.239158 0.0126191 0.0 0.0 0.0 0.0 0.0 0.25146 0.00705245 0.0 0.0 0.0 0.0 0.0 0.256019
