800 2.30535 1.52002 0.961251 1.17568 1.1226 1.0816
850 2.32628 1.53591 0.971236 1.18747 1.1333 1.09342
900 2.34424 1.55218 0.980887 1.19873 1.14313 1.10312
950 2.37917 1.56836 0.991638 1.21154 1.15511 1.11105
973 2.38529 1.5757 0.995961 1.21807 1.16001 1.11675
1000 2.40076 1.58562 1.00177 1.22387 1.16592 1.12198
1050 2.41926 1.60232 1.01264 1.23789 1.17816 1.13406
1100 2.44523 1.62063 1.02332 1.25115 1.19024 1.1459
1150 2.47498 1.63742 1.03502 1.26521 1.20285 1.15526
1200 2.5029 1.65852 1.04614 1.27732 1.21499 1.1665
1250 2.54025 1.67493 1.05794 1.29147 1.2277 1.17942
1300 2.56546 1.69383 1.07018 1.30722 1.241 1.19102
1350 2.59072 1.7142 1.0823 1.32195 1.25568 1.20367
1400 2.61741 1.73397 1.09519 1.33784 1.26971 1.21596
