800 0.210998 0.0743033 0.0158894 0.000141447 1.65818e-05 2.08e-06 0.0 0.267285 0.0185303 8.63835e-05 1.08813e-05 9.17868e-07 0.0 0.0 0.51569 0.00878882 1.96118e-05 5.75719e-07 0.0 0.0 0.0 1.51325 0.0308525 0.0 0.0 0.0 0.0 0.0 1.49582 0.0152973 0.0 0.0 0.0 0.0 0.0 1.41445
850 0.210829 0.0744805 0.0158823 0.0001392 1.7103e-05 1.99236e-06 0.0 0.267287 0.0184992 8.5748e-05 1.19935e-05 8.78961e-07 0.0 0.0 0.515765 0.00878631 1.9553e-05 5.20746e-07 0.0 0.0 0.0 1.51336 0.0308663 0.0 0.0 0.0 0.0 0.0 1.49644 0.0152731 0.0 0.0 0.0 0.0 0.0 1.41512
900 0.211006 0.0743759 0.0158691 0.00013673 1.71053e-05 1.45559e-06 0.0 0.267332 0.0185169 8.76651e-05 1.14628e-05 1.12592e-06 0.0 0.0 0.51587 0.00879709 1.95734e-05 5.24052e-07 0.0 0.0 0.0 1.51357 0.0308248 1.26126e-08 0.0 0.0 0.0 0.0 1.49695 0.0152326 0.0 0.0 0.0 0.0 0.0 1.41556
950 0.210925 0.0744735 0.0158114 0.000140419 1.73267e-05 1.79853e-06 0.0 0.267336 0.01853 8.83717e-05 1.13241e-05 1.0758e-06 0.0 0.0 0.515784 0.00878696 2.02098e-05 5.3224e-07 0.0 0.0 0.0 1.51355 0.0308375 1.09598e-08 0.0 0.0 0.0 0.0 1.49741 0.0152154 0.0 0.0 0.0 0.0 0.0 1.41619
973 0.210884 0.0745161 0.0158032 0.000147555 1.6656e-05 1.68151e-06 0.0 0.267389 0.0185342 8.76113e-05 1.11225e-05 9.61195e-07 0.0 0.0 0.515774 0.00878737 1.97308e-05 4.94224e-07 0.0 0.0 0.0 1.51362 0.0308323 1.18022e-08 0.0 0.0 0.0 0.0 1.49772 0.0151957 0.0 0.0 0.0 0.0 0.0 1.41642
1000 0.210799 0.0744459 0.0159423 0.0001424 1.64194e-05 1.26052e-06 0.0 0.267326 0.0185307 8.61764e-05 1.16425e-05 1.01777e-06 0.0 0.0 0.515841 0.00879019 1.96129e-05 3.94189e-07 0.0 0.0 0.0 1.51363 0.0308146 1.14181e-08 0.0 0.0 0.0 0.0 1.49779 0.0152065 0.0 0.0 0.0 0.0 0.0 1.41658
1050 0.211014 0.0743847 0.0158596 0.000134129 1.75665e-05 2.00964e-06 0.0 0.267363 0.0185348 8.64353e-05 1.15546e-05 7.13403e-07 0.0 0.0 0.515831 0.00878349 2.03495e-05 5.33929e-07 0.0 0.0 0.0 1.51373 0.0308257 1.0377e-08 0.0 0.0 0.0 0.0 1.4984 0.0151943 0.0 0.0 0.0 0.0 0.0 1.41714
1100 0.210808 0.0746021 0.0158092 0.000134152 1.7753e-05 1.28999e-06 0.0 0.267355 0.0185433 8.79949e-05 1.23844e-05 1.03027e-06 0.0 0.0 0.515806 0.00878297 1.99988e-05 4.47892e-07 0.0 0.0 0.0 1.51397 0.0308035 2.10184e-08 0.0 0.0 0.0 0.0 1.4988 0.0151604 0.0 0.0 0.0 0.0 0.0 1.41769
1150 0.210925 0.0744424 0.0158995 0.000137387 1.93533e-05 3.24133e-06 0.0 0.267404 0.0185149 8.63965e-05 1.17873e-05 1.06148e-06 0.0 0.0 0.515846 0.00878163 2.00207e-05 5.77995e-07 0.0 0.0 0.0 1.51382 0.0308325 1.12318e-08 0.0 0.0 0.0 0.0 1.49924 0.0151518 0.0 0.0 0.0 0.0 0.0 1.41824
1200 0.210964 0.0744759 0.0158128 0.000141458 1.53764e-05 1.62073e-06 0.0 0.26739 0.0185219 8.70659e-05 1.20372e-05 8.86532e-07 0.0 0.0 0.515842 0.00877772 1.98029e-05 4.73481e-07 0.0 0.0 0.0 1.51418 0.030781 2.11953e-08 0.0 0.0 0.0 0.0 1.49948 0.0151415 0.0 0.0 0.0 0.0 0.0 1.41851
1250 0.210743 0.0745436 0.0159206 0.000134354 1.69802e-05 2.13458e-06 0.0 0.267434 0.0185359 8.67541e-05 1.13623e-05 9.95185e-07 0.0 0.0 0.515778 0.00877327 2.00874e-05 5.59583e-07 0.0 0.0 0.0 1.51428 0.0307928 1.05545e-08 0.0 0.0 0.0 0.0 1.49999 0.0151181 0.0 0.0 0.0 0.0 0.0 1.41892
1300 0.21097 0.0744636 0.015837 0.000143924 1.7235e-05 1.5759e-06 0.0 0.267501 0.0185497 8.51297e-05 1.15888e-05 8.87996e-07 0.0 0.0 0.515891 0.00878334 1.97486e-05 4.6583e-07 0.0 0.0 0.0 1.51423 0.0308167 1.00322e-08 0.0 0.0 0.0 0.0 1.50031 0.0151043 0.0 0.0 0.0 0.0 0.0 1.4195
1350 0.210839 0.0745088 0.0158359 0.000139408 1.79065e-05 1.70947e-06 0.0 0.26746 0.0185541 8.94666e-05 1.22416e-05 9.4088e-07 0.0 0.0 0.515931 0.00877574 2.06098e-05 5.15759e-07 0.0 0.0 0.0 1.5146 0.0307724 0.0 0.0 0.0 0.0 0.0 1.5008 0.015084 0.0 0.0 0.0 0.0 0.0 1.42008
1400 0.210835 0.0745259 0.0158364 0.000143373 1.52668e-05 1.41657e-06 0.0 0.267488 0.018543 8.69482e-05 1.20076e-05 1.05579e-06 0.0 0.0 0.515828 0.00876963 2.05269e-05 5.36473e-07 0.0 0.0 0.0 1.5142 0.0307921 2.9324e-08 0.0 0.0 0.0 0.0 1.50113 0.0150744 0.0 0.0 0.0 0.0 0.0 1.42048
