800 0.136131 0.0605085 0.00695751 4.22362e-05 3.00846e-06 1.40385e-07 0.0 0.222942 0.0384928 6.35166e-05 4.41162e-06 1.63935e-07 0.0 0.0 0.354367 0.0144681 2.84396e-05 1.5208e-06 0.0 0.0 0.0 0.272957 0.013264 0.0 0.0 0.0 0.0 0.0 0.285502 0.0069837 0.0 0.0 0.0 0.0 0.0 0.288556
850 0.134719 0.0598948 0.00687266 4.1143e-05 2.92757e-06 1.476e-07 0.0 0.220645 0.0380926 6.28018e-05 4.54265e-06 1.36388e-07 0.0 0.0 0.350733 0.0143179 2.80887e-05 1.45785e-06 0.0 0.0 0.0 0.270147 0.0131252 0.0 0.0 0.0 0.0 0.0 0.282746 0.0068931 0.0 0.0 0.0 0.0 0.0 0.285864
900 0.133338 0.0592348 0.00681349 4.17482e-05 2.91079e-06 1.25539e-07 0.0 0.218345 0.0376971 6.17871e-05 4.36157e-06 1.57686e-07 0.0 0.0 0.347116 0.0141647 2.79134e-05 1.49169e-06 0.0 0.0 0.0 0.267584 0.0129809 0.0 0.0 0.0 0.0 0.0 0.280117 0.00680527 0.0 0.0 0.0 0.0 0.0 0.283158
950 0.131902 0.0586513 0.00673674 4.05712e-05 2.92765e-06 1.48942e-07 0.0 0.216043 0.037298 6.12235e-05 4.46352e-06 1.49106e-07 0.0 0.0 0.343476 0.0140112 2.75305e-05 1.4105e-06 0.0 0.0 0.0 0.264772 0.0128431 0.0 0.0 0.0 0.0 0.0 0.277334 0.00671801 0.0 0.0 0.0 0.0 0.0 0.280457
973 0.131299 0.0583297 0.00669967 4.07684e-05 2.9196e-06 1.35602e-07 0.0 0.214988 0.0371139 6.11729e-05 4.36789e-06 1.67825e-07 0.0 0.0 0.341805 0.0139407 2.74914e-05 1.44894e-06 0.0 0.0 0.0 0.263476 0.0127796 0.0 0.0 0.0 0.0 0.0 0.276047 0.00667996 0.0 0.0 0.0 0.0 0.0 0.279199
1000 0.130531 0.0580138 0.00666168 4.04676e-05 2.84509e-06 1.4702e-07 0.0 0.213777 0.0368992 6.05451e-05 4.36699e-06 1.40617e-07 0.0 0.0 0.339893 0.0138612 2.72003e-05 1.43516e-06 0.0 0.0 0.0 0.262194 0.0127018 0.0 0.0 0.0 0.0 0.0 0.27469 0.00663416 0.0 0.0 0.0 0.0 0.0 0.277752
1050 0.129117 0.0573867 0.00658655 3.98152e-05 2.63372e-06 1.3959e-07 0.0 0.211449 0.0365 5.98688e-05 4.24705e-06 1.2419e-07 0.0 0.0 0.336214 0.013708 2.69871e-05 1.41759e-06 0.0 0.0 0.0 0.259345 0.012561 0.0 0.0 0.0 0.0 0.0 0.271852 0.00654889 0.0 0.0 0.0 0.0 0.0 0.274977
1100 0.127706 0.0567659 0.00651916 3.95642e-05 2.76674e-06 1.16225e-07 0.0 0.209154 0.0361048 5.88506e-05 4.22634e-06 1.38063e-07 0.0 0.0 0.332575 0.0135548 2.66728e-05 1.43455e-06 0.0 0.0 0.0 0.25653 0.0124226 0.0 0.0 0.0 0.0 0.0 0.269032 0.00646577 0.0 0.0 0.0 0.0 0.0 0.272234
1150 0.126306 0.0561438 0.006445 3.91746e-05 2.85734e-06 1.13725e-07 0.0 0.206853 0.0357083 5.88293e-05 4.2086e-06 1.59128e-07 0.0 0.0 0.328934 0.0134016 2.65556e-05 1.41564e-06 0.0 0.0 0.0 0.25371 0.012284 0.0 0.0 0.0 0.0 0.0 0.266208 0.00638197 0.0 0.0 0.0 0.0 0.0 0.269459
1200 0.124913 0.0555059 0.00637603 3.85933e-05 2.90032e-06 1.08603e-07 0.0 0.204557 0.0353085 5.81117e-05 4.0816e-06 1.4271e-07 0.0 0.0 0.325316 0.0132486 2.61344e-05 1.36961e-06 0.0 0.0 0.0 0.251199 0.0121383 0.0 0.0 0.0 0.0 0.0 0.263564 0.0062994 0.0 0.0 0.0 0.0 0.0 0.266681
1250 0.123493 0.0549 0.0063026 3.78153e-05 2.79156e-06 1.62408e-07 0.0 0.202262 0.0349062 5.7323e-05 4.07679e-06 1.34114e-07 0.0 0.0 0.321679 0.0130954 2.57334e-05 1.36245e-06 0.0 0.0 0.0 0.248378 0.0119996 0.0 0.0 0.0 0.0 0.0 0.260716 0.00621682 0.0 0.0 0.0 0.0 0.0 0.263892
1300 0.122086 0.0542758 0.00623406 3.76641e-05 2.69694e-06 1.10011e-07 0.0 0.199967 0.0345053 5.70486e-05 4.10944e-06 1.31384e-07 0.0 0.0 0.318042 0.0129433 2.54134e-05 1.33908e-06 0.0 0.0 0.0 0.24556 0.0118619 0.0 0.0 0.0 0.0 0.0 0.257867 0.0061384 0.0 0.0 0.0 0.0 0.0 0.261108
1350 0.120691 0.0536434 0.00616241 3.78346e-05 2.69777e-06 1.33055e-07 0.0 0.197666 0.0341091 5.61409e-05 4.05371e-06 1.31662e-07 0.0 0.0 0.314399 0.0127905 2.51911e-05 1.32004e-06 0.0 0.0 0.0 0.242738 0.0117239 0.0 0.0 0.0 0.0 0.0 0.25501 0.00605557 0.0 0.0 0.0 0.0 0.0 0.258298
1400 0.119298 0.053014 0.00608512 3.72167e-05 2.58221e-06 1.34865e-07 0.0 0.195366 0.0337136 5.52234e-05 3.92851e-06 1.51593e-07 0.0 0.0 0.310759 0.0126372 2.50154e-05 1.31225e-06 0.0 0.0 0.0 0.239919 0.0115843 0.0 0.0 0.0 0.0 0.0 0.25215 0.00597562 0.0 0.0 0.0 0.0 0.0 0.255484
