800 0.000225847 0.000452026 0.000391103 0.000607913 0.000953289 0.000148656 0.00020449 4.28887e-05
850 0.00022522 0.000446047 0.000392838 0.00061202 0.000954343 0.000152001 0.000206595 4.44061e-05
900 0.000225201 0.000446772 0.000386975 0.000603283 0.000961817 0.000149429 0.000203168 4.30369e-05
950 0.000226555 0.000448946 0.000394688 0.000613441 0.000958331 0.000150691 0.000203783 4.40341e-05
973 0.000226024 0.000449337 0.000393677 0.000606446 0.000958758 0.000149384 0.000205318 4.34425e-05
1000 0.000224242 0.000452213 0.000393769 0.000611434 0.000959483 0.000150758 0.000205756 4.46009e-05
1050 0.000225171 0.000451065 0.000394193 0.000612827 0.00096654 0.000149255 0.000209132 4.54824e-05
1100 0.000226058 0.000446163 0.000390709 0.000612375 0.000961804 0.000148754 0.000202418 4.43419e-05
1150 0.000226288 0.000451491 0.000398319 0.000610916 0.000964883 0.000151433 0.000207778 4.45391e-05
1200 0.000226008 0.000448507 0.000396285 0.000610184 0.00095974 0.000153386 0.000210917 4.65503e-05
1250 0.000226772 0.000449223 0.000393403 0.000613742 0.000966525 0.000147271 0.000207347 4.56697e-05
1300 0.000228557 0.000447822 0.000394233 0.000610046 0.000966863 0.000150272 0.000206042 4.57338e-05
1350 0.000230721 0.000446853 0.000397327 0.00061034 0.000964514 0.000150645 0.000208018 4.38562e-05
1400 0.000228707 0.000448893 0.000394547 0.000609673 0.00096383 0.000150371 0.000205749 4.42732e-05
