800 0.00681139 0.377392 0.583203 0.029561 0.0025414 0.000490615
850 0.00206071 0.347067 0.62433 0.0241111 0.00243137 0.0
900 0.00218197 0.369307 0.597515 0.0243162 0.00519276 0.00148652
950 0.00220616 0.373215 0.592988 0.0250151 0.00657546 0.0
973 0.002221 0.383005 0.588304 0.0203149 0.00400076 0.00215429
1000 0.00421062 0.374257 0.594958 0.0205506 0.00483683 0.00118693
1050 0.00228983 0.370401 0.594561 0.0305773 0.00217149 0.0
1100 0.00435044 0.388535 0.588175 0.0170759 0.00186458 0.0
1150 0.00319719 0.377445 0.598287 0.0204117 0.000658755 0.0
1200 0.00371054 0.370595 0.595193 0.0215989 0.00761993 0.00128215
1250 0.00400273 0.360589 0.593098 0.0383255 0.00364138 0.000343633
1300 0.00139865 0.376606 0.587811 0.0267155 0.00746895 0.0
1350 0.00335545 0.374328 0.592768 0.0237179 0.00536884 0.000462357
1400 0.00288291 0.36664 0.598867 0.0287729 0.00138301 0.00145459
