800 2.01422 1.13786 0.584906 0.480359 0.397472 0.248025
850 1.9787 1.13761 0.58617 0.480764 0.396338 0.248536
900 1.98929 1.13593 0.5848 0.481585 0.396417 0.24862
950 1.99674 1.1366 0.584857 0.481108 0.396013 0.250299
973 2.02718 1.13815 0.585447 0.480802 0.396733 0.249506
1000 2.07483 1.13277 0.584255 0.479891 0.396712 0.250297
1050 1.93638 1.13539 0.58408 0.480475 0.396522 0.25048
1100 2.03527 1.13184 0.583689 0.480374 0.39609 0.251634
1150 1.96744 1.12989 0.583897 0.480668 0.396688 0.252188
1200 1.98141 1.12949 0.583267 0.479679 0.396807 0.252518
1250 1.93111 1.12712 0.58204 0.479901 0.39634 0.252632
1300 1.88931 1.12649 0.581005 0.480182 0.396679 0.253573
1350 1.92663 1.12851 0.582134 0.480231 0.39613 0.254023
1400 1.85159 1.13055 0.581653 0.47952 0.396833 0.254169
