800 0.00222767 0.00156926 0.00176386 0.00268272 0.00543438 0.0132369
850 0.00220475 0.00155314 0.00174566 0.00265508 0.00537651 0.0130797
900 0.00218185 0.00153698 0.00172744 0.00262738 0.00532039 0.012925
950 0.00215875 0.0015208 0.00170923 0.00259973 0.00526296 0.0127673
973 0.00214815 0.00151338 0.00170084 0.00258694 0.00523666 0.0126997
1000 0.00213613 0.00150486 0.00169123 0.00257238 0.00520754 0.0126197
1050 0.00211291 0.00148848 0.00167281 0.00254438 0.00514975 0.0124649
1100 0.00208993 0.0014723 0.0016546 0.00251674 0.00509275 0.0123119
1150 0.00206696 0.00145614 0.00163638 0.00248896 0.00503549 0.0121584
1200 0.00204388 0.00143995 0.00161818 0.00246132 0.00498015 0.012016
1250 0.00202108 0.00142379 0.00159995 0.00243364 0.00492293 0.0118626
1300 0.00199812 0.00140762 0.00158174 0.002406 0.00486626 0.0117158
1350 0.00197514 0.00139144 0.00156353 0.00237827 0.00480953 0.0115665
1400 0.00195205 0.00137527 0.00154532 0.0023506 0.00475266 0.0114166
