800 0.000220437 0.000362774 0.000320877 0.000634681 0.000842764 0.000120263 0.000160808 3.97568e-05
850 0.000210124 0.000406479 0.000370298 0.000571775 0.000882248 0.000173707 0.000202265 6.03671e-05
900 0.000174907 0.000450198 0.000375717 0.000598183 0.000894632 0.000128206 0.000249619 4.228e-05
950 0.000172008 0.000358818 0.000387009 0.000582383 0.000951613 0.000124041 0.000163775 4.2316e-05
973 0.000193417 0.000486202 0.000327329 0.000568237 0.000992977 0.000156576 0.000178628 3.53873e-05
1000 0.000179634 0.000424425 0.000417475 0.000565129 0.000913362 0.000174788 0.000186822 4.40366e-05
1050 0.000211594 0.00040589 0.000437238 0.00056872 0.00096884 0.000135797 0.000228066 5.00218e-05
1100 0.000211617 0.000405554 0.000329865 0.000574853 0.000984229 0.000143577 0.000231416 4.89563e-05
1150 0.000215677 0.00039311 0.000368616 0.000636395 0.00098842 0.000136931 0.000209578 4.09191e-05
1200 0.000221805 0.000436373 0.000364338 0.0005584 0.000918417 0.000142602 0.000206853 4.91969e-05
1250 0.000222307 0.000405321 0.000382322 0.000601772 0.00100718 0.000124863 0.000204862 5.69018e-05
1300 0.000207004 0.000395278 0.00039813 0.000579026 0.000908599 0.000174236 0.000181282 4.30344e-05
1350 0.00021203 0.000413376 0.000364887 0.00055674 0.000847166 0.000162448 0.000210325 5.98291e-05
1400 0.000212147 0.000425413 0.000428641 0.000573901 0.000884884 0.000114493 0.000203963 4.54562e-05
