800 1.57507e+19 1.46603e+20 4.9435e+20 1.89461e+20 2.09402e+20 8.59813e+19
850 1.60633e+19 1.49699e+20 5.04496e+20 1.93289e+20 2.13551e+20 8.69961e+19
900 1.64197e+19 1.53008e+20 5.1574e+20 1.97536e+20 2.17784e+20 8.81541e+19
950 1.68365e+19 1.56309e+20 5.26241e+20 2.01481e+20 2.22179e+20 8.9589e+19
973 1.6959e+19 1.57691e+20 5.31558e+20 2.03521e+20 2.24082e+20 9.00345e+19
1000 1.71542e+19 1.59587e+20 5.38204e+20 2.05915e+20 2.26708e+20 9.08164e+19
1050 1.74958e+19 1.62773e+20 5.48918e+20 2.09898e+20 2.30928e+20 9.20046e+19
1100 1.78989e+19 1.66708e+20 5.61291e+20 2.14638e+20 2.35836e+20 9.35321e+19
1150 1.83082e+19 1.70145e+20 5.73018e+20 2.19027e+20 2.40701e+20 9.50661e+19
1200 1.86892e+19 1.74017e+20 5.85953e+20 2.23647e+20 2.45406e+20 9.6402e+19
1250 1.91109e+19 1.78119e+20 5.99866e+20 2.28748e+20 2.50769e+20 9.81776e+19
1300 1.95066e+19 1.81559e+20 6.12072e+20 2.33576e+20 2.56089e+20 9.98106e+19
1350 1.99688e+19 1.85888e+20 6.2544e+20 2.38629e+20 2.61333e+20 1.01303e+20
1400 2.04599e+19 1.90486e+20 6.42093e+20 2.44654e+20 2.67903e+20 1.03437e+20
