800 0.0715441 0.0409386 0.0182228 0.0204366 0.0200441 0.0271238
850 0.0708091 0.0405149 0.0180333 0.0202233 0.0198597 0.0270001
900 0.070047 0.040092 0.0178419 0.0200212 0.0196861 0.0268633
950 0.0693492 0.0396704 0.01765 0.0198062 0.0194992 0.0267104
973 0.0689662 0.039475 0.0175611 0.0197094 0.0194102 0.0266342
1000 0.0685953 0.0392438 0.0174606 0.0196027 0.0193218 0.0265672
1050 0.067846 0.0388209 0.0172679 0.0193869 0.0191236 0.0263886
1100 0.0671186 0.0383983 0.0170767 0.019174 0.0189332 0.0262141
1150 0.066379 0.0379781 0.0168859 0.0189629 0.0187373 0.0260446
1200 0.0656315 0.0375527 0.0166936 0.0187604 0.0185597 0.0258676
1250 0.0649069 0.0371266 0.0165022 0.0185482 0.0183662 0.0256888
1300 0.0641729 0.0366972 0.0163108 0.0183334 0.0181647 0.02548
1350 0.0634283 0.0362788 0.0161192 0.0181215 0.0179673 0.0252782
1400 0.0626793 0.0358587 0.0159261 0.0179077 0.0177684 0.0250845
