800 0.00609673 0.00402031 0.00440873 0.00668548 0.0135327 0.0329764
850 0.00603413 0.00397901 0.00436324 0.00661658 0.0133886 0.032585
900 0.00597156 0.00393761 0.0043177 0.00654757 0.0132488 0.0321997
950 0.00590812 0.00389616 0.00427218 0.00647865 0.0131058 0.0318069
973 0.00587916 0.00387714 0.00425123 0.00644679 0.0130403 0.0316385
1000 0.00584644 0.00385531 0.0042272 0.00641049 0.0129678 0.0314393
1050 0.00578293 0.00381335 0.00418115 0.00634071 0.0128238 0.0310537
1100 0.00571998 0.0037719 0.00413564 0.00627185 0.0126819 0.0306727
1150 0.00565702 0.00373049 0.00409012 0.00620261 0.0125393 0.0302906
1200 0.00559376 0.00368902 0.00404461 0.00613374 0.0124015 0.0299359
1250 0.00553159 0.00364762 0.00399905 0.00606476 0.012259 0.0295537
1300 0.00546874 0.00360621 0.00395355 0.00599586 0.0121179 0.029188
1350 0.00540587 0.00356475 0.00390802 0.00592677 0.0119766 0.0288162
1400 0.0053425 0.00352332 0.00386252 0.00585781 0.011835 0.0284427
