800 4.01941e-10 7.80352e-10 2.84224e-09 6.84692e-09 1.61396e-08 1.16099e-07
850 4.01834e-10 7.80388e-10 2.84234e-09 6.84707e-09 1.61329e-08 1.14276e-07
900 4.01728e-10 7.80248e-10 2.84179e-09 6.84658e-09 1.61265e-08 1.12414e-07
950 4.01728e-10 7.80445e-10 2.8419e-09 6.84548e-09 1.61204e-08 1.10654e-07
973 4.01823e-10 7.80483e-10 2.84158e-09 6.84594e-09 1.61172e-08 1.09929e-07
1000 4.01766e-10 7.80303e-10 2.84175e-09 6.84562e-09 1.61126e-08 1.08963e-07
1050 4.01787e-10 7.80358e-10 2.8416e-09 6.84536e-09 1.6107e-08 1.0768e-07
1100 4.01852e-10 7.80295e-10 2.84146e-09 6.84474e-09 1.60997e-08 1.06297e-07
1150 4.01927e-10 7.80405e-10 2.84128e-09 6.84389e-09 1.60927e-08 1.0421e-07
1200 4.01811e-10 7.80425e-10 2.84082e-09 6.84336e-09 1.60912e-08 1.02611e-07
1250 4.0184e-10 7.80404e-10 2.84101e-09 6.84283e-09 1.60831e-08 1.01332e-07
1300 4.01798e-10 7.80366e-10 2.84016e-09 6.84256e-09 1.60783e-08 9.96236e-08
1350 4.01665e-10 7.80336e-10 2.84033e-09 6.84324e-09 1.60722e-08 9.87901e-08
1400 4.01706e-10 7.80223e-10 2.84044e-09 6.84212e-09 1.60666e-08 9.71267e-08
