800 0.00097412 0.000130892 6.9254e-09 7.31184e-09 1.82708e-09 0.0
850 0.000964384 0.000129505 6.85446e-09 7.23656e-09 1.81199e-09 0.0
900 0.000954118 0.000128396 6.78793e-09 7.19243e-09 1.81516e-09 0.0
950 0.000944163 0.000126697 6.71407e-09 7.11558e-09 1.79809e-09 0.0
973 0.000938924 0.000126061 6.68189e-09 7.0814e-09 1.79106e-09 0.0
1000 0.000934238 0.000125634 6.64584e-09 7.06614e-09 1.80026e-09 0.0
1050 0.000924028 0.000124092 6.57446e-09 6.98971e-09 1.78185e-09 0.0
1100 0.00091332 0.000122946 6.50207e-09 6.91223e-09 1.76591e-09 0.0
1150 0.000903275 0.000121337 6.43316e-09 6.83608e-09 1.7499e-09 0.0
1200 0.000893405 0.000119943 6.36604e-09 6.79539e-09 1.75416e-09 0.0
1250 0.000883243 0.000118818 6.29269e-09 6.71852e-09 1.73851e-09 0.0
1300 0.000873399 0.000117392 6.22421e-09 6.64202e-09 1.72073e-09 0.0
1350 0.000864223 0.000116022 6.1513e-09 6.56675e-09 1.70354e-09 0.0
1400 0.000853953 0.000114897 6.07923e-09 6.48979e-09 1.68464e-09 0.0
