800 2.42676 2.23994 2.17897 2.17118 2.17089 0.0
850 2.42721 2.23993 2.17897 2.17118 2.17089 0.0
900 2.42717 2.23995 2.17897 2.17118 2.17089 0.0
950 2.42715 2.23993 2.17897 2.17118 2.17089 0.0
973 2.42641 2.23994 2.17897 2.17118 2.17089 0.0
1000 2.42712 2.23994 2.17897 2.17118 2.17089 0.0
1050 2.42724 2.23993 2.17897 2.17118 2.17089 0.0
1100 2.4261 2.23996 2.17897 2.17118 2.17089 0.0
1150 2.4261 2.23994 2.17897 2.17118 2.17089 0.0
1200 2.42608 2.23993 2.17897 2.17118 2.17089 0.0
1250 2.42624 2.23995 2.17897 2.17118 2.17089 0.0
1300 2.42653 2.23995 2.17898 2.17118 2.17089 0.0
1350 2.42768 2.23994 2.17897 2.17118 2.17089 0.0
1400 2.42736 2.23997 2.17897 2.17118 2.17089 0.0
