800 0.000243257 0.000462625 0.000436919 0.000574617 0.000993959 0.000129453 0.000175155 4.158e-05
850 0.000246809 0.000435186 0.00037587 0.000621264 0.000926748 0.000113055 0.000173744 3.22721e-05
900 0.00017005 0.000414603 0.000315526 0.000609907 0.000897527 0.000136647 0.000202114 3.30446e-05
950 0.000235134 0.000404608 0.000360661 0.000635698 0.000951533 0.000127653 0.000225156 3.0461e-05
973 0.000219228 0.000409207 0.000337639 0.000516074 0.000911187 0.000147298 0.000207803 3.51548e-05
1000 0.000195018 0.000458686 0.000395627 0.00063405 0.000936671 0.000159232 0.000248476 3.78246e-05
1050 0.000224268 0.000476408 0.000421823 0.000529949 0.000839989 9.89013e-05 0.000185346 3.59319e-05
1100 0.000197421 0.000423065 0.000330392 0.000649947 0.000906676 0.000144839 0.000193274 3.00072e-05
1150 0.000212053 0.000372802 0.00040656 0.000552604 0.000939301 0.000114311 0.000230432 4.01326e-05
1200 0.000265958 0.000391697 0.000357954 0.000530496 0.000896335 0.000159551 0.000198442 1.94099e-05
1250 0.000253471 0.000369996 0.000366697 0.000551311 0.000926989 0.000109415 0.00018796 5.55275e-05
1300 0.000202074 0.000435331 0.000381071 0.000539333 0.00089891 0.000136282 0.000204503 4.13832e-05
1350 0.00021698 0.00042437 0.000356131 0.000664257 0.000962627 0.000141689 0.000188521 4.47552e-05
1400 0.000220535 0.000432107 0.000368998 0.000609561 0.000879183 0.000184871 0.000210842 2.63255e-05
