800 4.91343e+18 1.97835e+19 5.00216e+19 3.34744e+19 2.58105e+19 8.56503e+18
850 4.98548e+18 2.00725e+19 5.08746e+19 3.41532e+19 2.63219e+19 8.67797e+18
900 5.14053e+18 2.07408e+19 5.25617e+19 3.51658e+19 2.71614e+19 8.89666e+18
950 5.2866e+18 2.12731e+19 5.39877e+19 3.6078e+19 2.7838e+19 9.03711e+18
973 5.36339e+18 2.17442e+19 5.51544e+19 3.6918e+19 2.84414e+19 9.22992e+18
1000 5.41371e+18 2.18483e+19 5.54649e+19 3.71456e+19 2.85835e+19 9.2799e+18
1050 5.57435e+18 2.24937e+19 5.7121e+19 3.81372e+19 2.94483e+19 9.47395e+18
1100 5.69635e+18 2.31055e+19 5.85674e+19 3.90985e+19 3.02055e+19 9.73494e+18
1150 5.91174e+18 2.38112e+19 6.04718e+19 4.03896e+19 3.12655e+19 9.97116e+18
1200 6.03168e+18 2.43255e+19 6.18447e+19 4.1205e+19 3.18303e+19 1.01562e+19
1250 6.18154e+18 2.50354e+19 6.33206e+19 4.22485e+19 3.26875e+19 1.03541e+19
1300 6.35618e+18 2.57479e+19 6.52547e+19 4.35437e+19 3.36874e+19 1.06762e+19
1350 6.56929e+18 2.64417e+19 6.72269e+19 4.46737e+19 3.46153e+19 1.08644e+19
1400 6.73046e+18 2.71545e+19 6.9085e+19 4.57935e+19 3.55577e+19 1.11824e+19
