800 4.03536e-10 7.99424e-10 2.44678e-09 7.13749e-09 1.64127e-08 4.92876e-08
850 4.03445e-10 7.99542e-10 2.44673e-09 7.1372e-09 1.64093e-08 4.91661e-08
900 4.03263e-10 7.99576e-10 2.44751e-09 7.13671e-09 1.64058e-08 4.88871e-08
950 4.035e-10 7.99438e-10 2.44657e-09 7.1371e-09 1.64039e-08 4.86936e-08
973 4.03463e-10 7.99508e-10 2.44643e-09 7.13688e-09 1.63999e-08 4.87137e-08
1000 4.03428e-10 7.99373e-10 2.44698e-09 7.13656e-09 1.64021e-08 4.85581e-08
1050 4.03338e-10 7.99373e-10 2.44685e-09 7.13653e-09 1.63967e-08 4.84645e-08
1100 4.03425e-10 7.99405e-10 2.44642e-09 7.13627e-09 1.63957e-08 4.8311e-08
1150 4.03519e-10 7.99611e-10 2.44633e-09 7.13654e-09 1.63937e-08 4.81176e-08
1200 4.03426e-10 7.996e-10 2.44602e-09 7.13576e-09 1.63928e-08 4.80008e-08
1250 4.03534e-10 7.99495e-10 2.44552e-09 7.13549e-09 1.63897e-08 4.78882e-08
1300 4.03504e-10 7.99593e-10 2.44586e-09 7.13593e-09 1.63881e-08 4.76827e-08
1350 4.03509e-10 7.99535e-10 2.44591e-09 7.13531e-09 1.63844e-08 4.7555e-08
1400 4.03409e-10 7.99508e-10 2.44553e-09 7.13622e-09 1.6383e-08 4.74536e-08
