800 4.9812e+18 2.0133e+19 5.10852e+19 3.43031e+19 2.63786e+19 8.70712e+18
850 5.11757e+18 2.07179e+19 5.23546e+19 3.50972e+19 2.70915e+19 8.89295e+18
900 5.25398e+18 2.12025e+19 5.36772e+19 3.59626e+19 2.76428e+19 9.03565e+18
950 5.3712e+18 2.17509e+19 5.51485e+19 3.69747e+19 2.83915e+19 9.25272e+18
973 5.42173e+18 2.18539e+19 5.53152e+19 3.70304e+19 2.85321e+19 9.26195e+18
1000 5.52468e+18 2.22465e+19 5.64659e+19 3.76811e+19 2.90513e+19 9.3944e+18
1050 5.63082e+18 2.28292e+19 5.78505e+19 3.86734e+19 2.9742e+19 9.58458e+18
1100 5.82499e+18 2.35781e+19 5.96734e+19 3.9912e+19 3.0752e+19 9.85476e+18
1150 5.941e+18 2.40195e+19 6.08908e+19 4.06551e+19 3.1391e+19 1.00134e+19
1200 6.10654e+18 2.46712e+19 6.25897e+19 4.18625e+19 3.2297e+19 1.02719e+19
1250 6.29882e+18 2.54536e+19 6.47844e+19 4.31918e+19 3.33122e+19 1.05268e+19
1300 6.42488e+18 2.59357e+19 6.59544e+19 4.40116e+19 3.39852e+19 1.066e+19
1350 6.62376e+18 2.68617e+19 6.81974e+19 4.53999e+19 3.50905e+19 1.1019e+19
1400 6.89107e+18 2.78608e+19 7.07338e+19 4.70951e+19 3.63888e+19 1.13995e+19
