800 0.00146722 0.361153 0.601025 0.0324213 0.00393289 0.0
850 0.000957241 0.36154 0.608367 0.0247126 0.00369847 0.00072482
900 0.00404792 0.364258 0.605063 0.0221972 0.00443395 0.0
950 0.0055256 0.376078 0.596107 0.0173404 0.00423316 0.000716797
973 0.00312661 0.361751 0.607238 0.0231024 0.00424278 0.000538934
1000 0.00296731 0.364638 0.603567 0.0255414 0.0025882 0.000698151
1050 0.00321593 0.374586 0.598298 0.0194572 0.00444373 0.0
1100 0.00305329 0.389364 0.581144 0.0221186 0.00431944 0.0
1150 0.00294312 0.389241 0.575621 0.0309213 0.000820322 0.000453017
1200 0.00419235 0.35602 0.60744 0.0286635 0.00368443 0.0
1250 0.000359264 0.385965 0.577478 0.0329896 0.00285369 0.000354388
1300 0.00459744 0.354323 0.611781 0.0254413 0.00339399 0.000463263
1350 0.00419125 0.347132 0.620565 0.0248932 0.00228608 0.000932192
1400 0.000976809 0.38856 0.580051 0.0279926 0.00241968 0.0
