800 0.0123503 0.359846 0.597671 0.0276825 0.00244979 0.0
850 0.0046729 0.381942 0.580532 0.0285839 0.0019323 0.00233645
900 0.0024693 0.386827 0.588119 0.0225849 0.0 0.0
950 0.00372387 0.398836 0.564798 0.0318136 0.000828335 0.0
973 0.0153117 0.354256 0.579641 0.0449111 0.00470588 0.00117379
1000 0.00882114 0.410823 0.555576 0.0247807 0.0 0.0
1050 0.00469956 0.391207 0.577729 0.0187338 0.0052832 0.00234742
1100 0.00241546 0.396747 0.573084 0.0253381 0.00241546 0.0
1150 0.00798583 0.367611 0.60081 0.019025 0.00341637 0.00115264
1200 0.00324903 0.377945 0.596192 0.0182473 0.00436681 0.0
1250 0.00220264 0.389627 0.589845 0.0172072 0.00111754 0.0
1300 0.00316541 0.339062 0.620697 0.0370754 0.0 0.0
1350 0.00818718 0.362859 0.589386 0.0327342 0.00683326 0.0
1400 0.00314735 0.373021 0.59245 0.0254293 0.00595277 0.0
